ID	Group	Init. Comp.	Donor	S->E	E->I	I->D	D->R	f_a	f_e	g_a	g_e	r_a	r_e
Ind0	NA	NA	0	NA	NA	NA	NA	1.16134	-0.453079	1.29151	1.02299	-0.254267	0.334771
Ind1	NA	NA	0	NA	NA	NA	NA	-0.360902	0.903924	-1.30162	-0.11444	-0.114863	-0.700909
Ind2	NA	NA	0	NA	NA	NA	NA	1.49113	0.429093	0.283039	0.388539	-0.402748	0.700924
Ind3	NA	NA	0	NA	NA	NA	NA	1.78663	-1.24326	1.89694	0.0685118	1.00057	-1.25545
Ind4	NA	NA	0	NA	NA	NA	NA	-0.822487	-0.0310995	-0.0869714	-1.06533	0.387176	-0.212845
Ind5	NA	NA	0	NA	NA	NA	NA	0.111241	0.427802	-1.06458	0.610898	-0.0378391	-0.368233
Ind6	NA	NA	0	NA	NA	NA	NA	0.583135	-1.46915	-0.843009	-0.926183	-0.235899	0.465078
Ind7	NA	NA	0	NA	NA	NA	NA	0.744279	2.1884	0.66378	0.518627	-0.112873	-1.27973
Ind8	NA	NA	0	NA	NA	NA	NA	0.429946	-0.66815	-0.257348	0.255377	-1.24368	-1.59852
Ind9	NA	NA	0	NA	NA	NA	NA	0.515556	0.264892	1.33899	0.999438	0.864963	-0.522926
Ind10	NA	NA	0	NA	NA	NA	NA	-0.807966	-0.470069	-1.54581	-0.0720994	0.377633	0.148584
Ind11	NA	NA	0	NA	NA	NA	NA	2.37059	0.193052	1.40693	-0.317239	-1.54055	0.620759
Ind12	NA	NA	0	NA	NA	NA	NA	-0.396782	0.681139	-0.757516	-1.1037	0.453227	0.240433
Ind13	NA	NA	0	NA	NA	NA	NA	-0.443542	-0.44075	-0.136374	-0.890363	-0.894298	-0.278329
Ind14	1	E	1	no	0.0988488	0.938973	1.26896	0.730713	0.227717	-0.148527	-0.685233	-0.766385	-0.110865
Ind15	1	E	1	no	0.173125	14.4	14.948	0.126711	0.894245	-1.0458	0.900725	-0.445699	0.603461
Ind16	1	E	1	no	0.174531	0.294216	1.1613	-1.01876	1.33131	0.357496	-1.00358	0.0603531	-1.80637
Ind17	1	E	1	no	4.18222	14.7821	47.0968	1.043	-0.603992	0.538249	0.0845613	0.0781958	1.21634
Ind18	1	E	1	no	0.910101	9.9724	15.9552	-0.00323287	2.0378	-0.695136	-0.508175	0.82595	-0.212005
Ind19	1	S	0	0.868117	0.97279	1.34986	1.78857	1.66569	-0.13409	1.70829	-1.28259	-0.890566	-0.579358
Ind20	1	S	0	2.12721	3.1509	5.41842	6.48555	1.7637	0.0497488	1.76775	-0.805738	-0.408792	-0.178531
Ind21	1	S	0	0.971045	1.79838	3.94977	4.92945	1.36382	0.84	2.37876	-0.34478	-0.278244	-0.589538
Ind22	1	S	0	1.2452	1.27675	1.9683	2.106	0.678939	0.886213	0.641959	0.0116795	-0.00986077	-1.51829
Ind23	1	S	0	1.96277	17.8677	31.2832	99.2108	1.75805	-1.50779	1.19521	0.999266	-0.4875	2.17871
Ind24	1	S	0	2.10027	4.85608	14.4521	18.2163	-0.278285	0.108244	2.00147	-0.360806	1.32372	-0.953111
Ind25	1	S	0	0.562312	3.04643	4.05918	11.5638	1.47797	0.963983	2.09465	0.381808	0.0832666	-1.0247
Ind26	1	S	0	2.31053	3.62883	6.07324	10.4312	-0.45221	0.589075	1.25764	-0.595896	-0.722669	-0.568948
Ind27	1	S	0	9.02622	21.2721	32.2245	100.735	-1.53256	-1.0156	1.07897	-1.08059	0.582134	1.34057
Ind28	1	S	0	no	no	no	no	-0.666045	0.564649	0.44149	-1.36823	0.19563	-0.696584
Ind29	1	S	0	3.2343	9.00378	12.2913	13.3377	0.540521	1.20475	-0.0379987	0.920342	0.733392	0.25511
Ind30	1	S	0	1.9024	2.82744	3.24204	4.046	0.0949409	-1.21965	-0.0921312	0.791719	0.761469	-0.590042
Ind31	1	S	0	6.12089	70.8334	80.1516	121.366	1.59911	-2.20613	0.253779	0.226705	0.429244	2.10666
Ind32	1	S	0	15.6441	54.5794	74.4357	92.3129	0.553939	0.672677	-0.740254	-0.374641	0.389075	0.589047
Ind33	1	S	0	4.64827	7.28052	10.4386	16.6254	0.530633	-0.310302	0.195098	-0.00122595	-0.0441794	-0.39635
Ind34	1	S	0	no	no	no	no	0.697314	-0.52938	-1.05819	-1.81991	-1.41204	0.268588
Ind35	1	S	0	13.225	15.1562	15.417	23.682	-1.43209	-1.98993	-1.96757	0.405886	-0.405058	0.37443
Ind36	1	S	0	5.62853	44.2751	125.479	135.433	0.810242	-1.74819	-0.325384	0.833529	-0.865596	2.24608
Ind37	1	S	0	34.4549	37.4998	40.3203	40.903	1.42592	-0.815179	-0.928721	0.205721	-0.792411	0.750975
Ind38	1	S	0	3.14136	6.72046	11.1558	11.3178	-0.118082	-0.185564	-1.09217	-1.6078	-0.168185	-0.113094
Ind39	2	E	1	no	9.5624	10.5489	13.0074	-0.171883	0.206892	-0.489854	-1.0877	0.788986	-0.648046
Ind40	2	E	1	no	18.6539	21.4889	36.8284	0.0531951	-0.0547986	0.829598	1.12564	0.13054	0.997351
Ind41	2	E	1	no	0.664731	10.7435	37.035	1.63766	-0.806363	0.489023	-0.178259	0.544046	0.773867
Ind42	2	E	1	no	2.10262	21.2607	22.0315	-0.592541	-0.532062	-1.11033	1.46562	0.619879	0.485507
Ind43	2	E	1	no	0.745383	1.95881	2.87431	-0.0394892	1.54142	0.184956	0.0122662	-0.190698	-0.305319
Ind44	2	S	0	15.6407	15.6755	15.8658	15.8913	-1.22663	0.252094	-0.323964	-0.820493	-0.540013	-1.90465
Ind45	2	S	0	6.34701	7.21229	7.95216	10.1032	-0.275796	-0.0781323	1.16772	0.635759	-1.1957	-0.293135
Ind46	2	S	0	3.95345	4.17526	4.78667	8.66861	1.4737	-0.318389	1.41746	-1.85641	-0.797512	-0.179767
Ind47	2	S	0	4.75687	6.27104	6.74548	7.79445	0.304855	-0.332622	0.40612	0.305889	-0.699939	-0.202437
Ind48	2	S	0	32.5789	35.4429	38.6809	193.848	-0.112966	-0.266585	0.358327	-1.37849	0.0580286	1.47759
Ind49	2	S	0	19.8213	154.743	225.357	254.393	-2.13862	-2.12962	-0.317606	0.210021	0.38388	2.40923
Ind50	2	S	0	9.07269	11.2486	11.437	14.0183	-1.63459	0.0372912	-0.521064	0.103891	0.337776	-0.962111
Ind51	2	S	0	1.37434	8.95074	11.0617	14.0517	-2.75314	1.14869	0.242039	1.817	0.170485	0.165573
Ind52	2	S	0	2.74795	14.8583	40.4286	86.3819	-0.881289	0.49682	-0.365002	0.144953	0.812944	0.0936777
Ind53	2	S	0	35.2272	37.0523	40.0912	41.0341	-1.94562	0.495248	-0.273724	-1.91631	-0.686184	0.308828
Ind54	2	S	0	24.7538	27.368	60.4241	64.8745	1.00625	-0.319974	0.628219	-0.266681	0.591376	0.291715
Ind55	2	S	0	1.48704	4.81792	22.3511	28.7932	1.2069	-0.959408	1.07186	0.879048	1.12001	0.182891
Ind56	2	S	0	4.83184	18.9291	22.9869	37.6877	1.45602	-0.254355	1.6526	0.498761	0.411953	0.348472
Ind57	2	S	0	1.44116	4.26592	7.41244	68.5489	1.72043	0.545796	2.19509	0.102232	0.367348	0.48353
Ind58	2	S	0	2.15228	19.3174	34.6528	79.2407	1.54373	-0.907688	1.32646	-0.442733	0.434045	0.168361
Ind59	2	S	0	29.9107	30.2117	30.8673	30.9382	-0.646308	-0.123824	-0.327639	-1.81119	-1.01418	-0.334375
Ind60	2	S	0	8.06194	10.1807	12.4599	18.6696	1.79228	-1.45042	-0.186608	-0.8586	-2.1824	1.20428
Ind61	2	S	0	3.87336	4.3243	4.87522	5.82408	0.67905	-1.1099	1.33311	-0.315697	-0.711905	-0.054603
Ind62	2	S	0	5.9673	6.77264	7.35959	9.00825	1.25833	0.533831	0.670145	0.164793	-0.564629	-0.603261
Ind63	2	S	0	1.06867	1.44219	8.17324	14.8069	1.08662	-0.275751	1.5115	0.367694	-0.0577437	0.38794
Ind64	3	E	1	no	6.59098	18.828	41.2206	0.400789	-0.117982	-0.0732993	-0.475815	0.71182	1.16356
Ind65	3	E	1	no	21.1574	30.3591	86.7401	0.32246	-1.16	0.499989	-0.00883178	1.46791	0.827641
Ind66	3	E	1	no	0.410396	3.38446	11.29	2.88865	0.969133	-0.740045	0.274125	-0.433375	-0.207083
Ind67	3	E	1	no	0.311593	0.410072	0.503832	-0.189806	0.55663	0.0724722	0.740836	0.794881	-2.16545
Ind68	3	E	1	no	7.58669	9.67942	17.033	0.132737	-0.888724	-0.161253	-0.67211	0.367635	0.220731
Ind69	3	S	0	2.30461	3.27513	4.1275	6.47559	-0.701946	-1.25329	-0.456973	0.415578	-1.17355	-0.257397
Ind70	3	S	0	135.491	135.749	140.239	149.049	-0.653546	-1.09709	-1.16389	0.281679	-0.884908	0.473305
Ind71	3	S	0	1.35295	1.7791	2.10523	2.18302	-0.581141	-0.0481107	-0.262492	0.548151	-0.994002	-1.13257
Ind72	3	S	0	0.376175	1.63099	17.2883	31.3929	-0.476158	-0.773224	-0.919981	0.152504	-0.456577	0.485381
Ind73	3	S	0	0.435043	0.470238	0.838275	0.942134	1.42129	0.461876	1.26655	-0.13954	-1.16129	-1.75278
Ind74	3	S	0	0.440925	11.7534	18.6517	29.7673	1.40208	0.477763	2.09408	1.21842	0.529247	0.958866
Ind75	3	S	0	0.889399	0.997571	1.19586	2.41777	-0.394728	1.53552	1.51863	-0.400295	0.780663	-2.67336
Ind76	3	S	0	0.940856	2.51104	2.70604	6.00772	0.0145904	0.505116	0.139466	0.056802	0.317861	-0.476434
Ind77	3	S	0	0.41339	0.604028	3.73834	13.4038	2.17718	-0.94755	1.99909	2.08276	0.307664	-0.384096
Ind78	3	S	0	0.519044	0.912245	1.05699	6.23035	0.720272	0.170366	1.15686	0.577821	0.429756	-0.638986
Ind79	3	S	0	0.534925	31.4643	142.579	217.831	-0.738998	0.403827	2.68823	-0.516134	1.71195	2.07953
Ind80	3	S	0	0.601545	1.28609	1.44706	1.94739	-1.26131	2.22292	1.04424	1.24436	0.306147	-2.33585
Ind81	3	S	0	0.492092	4.3934	5.01584	12.983	-0.537316	0.860835	1.75631	0.351796	0.443096	-0.235898
Ind82	3	S	0	0.831476	2.91763	5.5691	44.401	-0.497199	0.0159325	1.52596	-1.0435	0.41856	0.299597
Ind83	3	S	0	0.476769	2.61656	5.56063	6.49214	-2.32816	1.51266	0.994607	0.500124	0.855388	-0.420688
Ind84	3	S	0	7.15113	8.79847	9.78261	12.5227	0.73781	1.54389	-1.4278	-0.210918	-1.4718	-0.0501873
Ind85	3	S	0	2.45412	3.80091	34.5356	41.1133	0.358781	0.0912158	-1.8226	0.652964	-0.251948	1.15187
Ind86	3	S	0	0.44983	2.51769	5.50657	7.52063	-0.00977065	-1.63723	-0.901238	1.45112	-0.848047	0.707076
Ind87	3	S	0	2.53799	2.8973	3.11086	3.50641	0.464153	1.23297	0.240813	-0.248952	-0.967965	-1.00732
Ind88	3	S	0	6.07543	22.3262	24.7218	26.2796	-0.417397	0.369131	-1.25112	-1.38552	-0.745579	1.36387
Ind89	4	E	1	no	0.994896	1.91793	4.73258	0.383713	-0.965263	-1.02881	-0.145378	0.628237	-0.806152
Ind90	4	E	1	no	2.2258	12.7551	26.7997	0.268197	-0.480486	0.557108	-0.958406	0.648632	0.45272
Ind91	4	E	1	no	12.8769	48.0953	53.1169	-0.373726	-0.0504512	0.483978	-0.977411	0.188994	1.02456
Ind92	4	E	1	no	17.5667	149.531	634.879	-2.06503	0.677834	-1.35848	-0.625038	1.4179	2.02603
Ind93	4	E	1	no	0.812404	1.1214	2.53438	-0.811735	1.26217	-0.102474	-0.726246	-0.304195	-0.404034
Ind94	4	S	0	241.282	245.32	259.994	264.299	-0.166132	0.037738	0.457264	-0.61965	0.434691	0.741958
Ind95	4	S	0	350.439	352.684	353.996	354.259	0.40135	-1.5331	-0.777831	-1.15873	-0.603693	-0.0134403
Ind96	4	S	0	21.9574	23.0186	24.6889	24.7077	-0.924443	0.00641246	-0.684871	-0.428006	-0.994871	0.452283
Ind97	4	S	0	10.0734	12.3806	13.577	53.5146	1.36071	0.113615	0.921613	-0.389151	-0.125243	0.34051
Ind98	4	S	0	202.81	208.086	215.604	225.513	-1.6077	-0.288387	-1.66249	-0.241828	0.646599	0.14297
Ind99	4	S	0	20.8068	22.4422	22.8849	34.78	0.390407	-0.819401	0.452216	-0.268895	0.206141	-0.306328
Ind100	4	S	0	26.1043	31.6715	44.5224	89.6552	1.33899	-1.26398	0.895623	-0.907991	0.210683	1.32426
Ind101	4	S	0	84.6938	93.9599	95.3901	154.606	-1.26785	0.0328616	0.0313118	-1.40914	0.94918	0.916886
Ind102	4	S	0	46.2756	60.6147	76.4833	92.4064	-2.43649	0.900723	0.189368	-0.765289	0.715971	-0.0623368
Ind103	4	S	0	258.144	290.376	301.671	425.755	-2.61781	-0.717959	-1.32128	-0.639681	1.08307	0.354024
Ind104	4	S	0	240.266	240.279	240.571	240.661	-0.476775	-0.00544454	-1.8249	0.939476	-0.902146	-1.10372
Ind105	4	S	0	47.9045	48.0429	48.2106	49.4046	-2.85714	1.2606	-1.0499	-0.503982	0.0655399	-1.20182
Ind106	4	S	0	8.66844	8.80422	9.06364	10.6703	1.12433	-0.137234	0.810337	-0.862149	-0.325616	-1.04247
Ind107	4	S	0	14.1086	14.4467	15.2043	15.44	0.771453	0.815479	-0.432221	0.64496	-0.498657	-0.459035
Ind108	4	S	0	20.3767	43.1832	57.8735	58.2168	-0.189759	0.0849324	0.133108	0.29576	0.473507	0.586047
Ind109	4	S	0	19.3076	21.5538	27.7742	39.3131	-0.600858	-1.31084	1.09953	0.308664	1.77252	-1.95825
Ind110	4	S	0	8.25525	21.8602	28.1669	107.147	-1.33862	0.655833	0.391498	1.13909	1.10765	0.639055
Ind111	4	S	0	9.03138	13.8229	38.421	39.3493	0.300688	-1.45442	1.69833	0.180908	1.10303	-0.0483417
Ind112	4	S	0	22.472	217.235	320.953	557.044	-0.272194	-1.46497	0.63554	-1.37003	1.29986	1.29614
Ind113	4	S	0	4.70383	7.36065	15.24	23.3456	-0.73836	0.903505	0.534645	1.78864	0.977425	-0.958097
Ind114	5	E	1	no	1.34922	12.2198	24.5188	-0.873432	-0.496495	-0.0152344	-1.0795	-0.360029	1.34865
Ind115	5	E	1	no	22.8031	36.7144	36.8637	-0.414509	-1.98506	-0.203859	-0.460338	-0.0533122	1.57651
Ind116	5	E	1	no	1.3393	8.83231	10.709	1.33613	1.29821	0.00893536	-0.0292171	-0.384559	-0.21544
Ind117	5	E	1	no	4.76449	27.8833	128.03	-1.37994	0.160469	-1.24157	0.330797	0.611539	1.00824
Ind118	5	E	1	no	5.91096	7.47389	11.146	1.46645	2.17526	-0.281328	-1.06116	0.435336	-0.330287
Ind119	5	S	0	1.84693	4.25416	8.0613	12.8149	2.05218	0.246812	0.0294866	2.67607	-0.367519	0.395241
Ind120	5	S	0	7.26783	8.71415	14.0286	36.9013	0.393594	-0.0363687	-1.01999	0.0335089	0.548749	-0.675551
Ind121	5	S	0	no	no	no	no	0.525061	-0.818886	-2.05652	-1.04944	0.365762	0.613866
Ind122	5	S	0	6.65941	7.47414	25.5172	59.5611	-0.401676	-1.76783	-2.46079	1.56994	-0.069938	1.42463
Ind123	5	S	0	8.10871	28.4214	59.6676	97.6287	-0.629453	-1.74815	-1.28125	-0.28735	0.990257	1.02071
Ind124	5	S	0	5.60548	6.00502	10.5336	10.5519	0.186953	-0.116141	0.218138	-0.361337	-0.796462	-0.330638
Ind125	5	S	0	2.47086	3.14479	4.08131	12.038	1.23447	0.248219	0.27382	0.616632	-0.641212	-0.159089
Ind126	5	S	0	4.51556	4.66656	5.64716	5.68491	1.2934	-0.541104	0.0109067	0.561711	-1.73808	-0.449987
Ind127	5	S	0	7.03566	7.41217	7.94811	8.8028	0.294319	-0.559007	-0.0234785	-0.632712	-1.67429	0.449881
Ind128	5	S	0	1.52471	3.50793	4.53947	12.4874	0.918019	-0.863488	0.832147	0.0880785	-1.14405	0.796881
Ind129	5	S	0	3.6622	4.39012	7.44362	9.07405	0.897495	0.99829	2.81237	-0.367568	0.101775	-0.76927
Ind130	5	S	0	8.66682	10.2894	40.0589	43.557	-1.69083	-1.4621	0.634667	-0.737775	1.20411	0.119973
Ind131	5	S	0	1.43215	2.24175	5.0772	6.17465	-1.33956	-0.37579	1.53451	-0.950008	0.418279	-0.385462
Ind132	5	S	0	4.65204	5.60715	6.80699	16.0929	0.263088	0.775201	0.985182	-0.740897	0.372895	-0.826891
Ind133	5	S	0	2.8374	10.2341	10.3634	11.1146	0.137028	-0.52061	0.549326	1.09992	0.70053	0.22894
Ind134	5	S	0	2.42363	4.00449	5.04213	17.2884	0.948107	0.094741	2.29386	-1.79341	-0.282579	-0.147899
Ind135	5	S	0	2.22412	2.46449	4.5674	18.0439	0.457587	-1.56483	0.721083	-0.889891	-0.506882	0.201538
Ind136	5	S	0	1.41839	1.75073	5.66105	6.4039	0.279032	-0.220685	1.77735	0.701045	0.216666	-0.199903
Ind137	5	S	0	5.96766	7.12643	10.1155	10.1455	-1.09912	-0.501218	0.489081	-0.539483	-1.12305	0.087284
Ind138	5	S	0	1.51198	5.26511	6.27268	22.9998	-0.425255	-0.998849	0.88247	0.850834	-0.518704	0.333701
Ind139	6	E	1	no	5.39788	8.60654	11.2273	-0.384184	0.851896	-0.169615	0.662418	0.306919	-0.773823
Ind140	6	E	1	no	6.55357	150.755	259.677	1.00294	-0.332355	-0.784062	0.282161	0.37928	1.90646
Ind141	6	E	1	no	11.0736	23.1991	60.7048	0.969663	0.16942	-0.15451	-1.79199	1.52314	0.668303
Ind142	6	E	1	no	8.28649	9.04001	10.5599	0.0082352	-1.20887	0.093321	0.0352792	-0.0853366	-0.201245
Ind143	6	E	1	no	2.01558	13.2733	43.5608	-0.95513	1.49957	0.195012	-0.215679	0.752013	0.135639
Ind144	6	S	0	27.1042	33.3539	41.9324	53.4518	-1.84026	-0.481277	1.67733	-1.40367	-0.419782	0.31245
Ind145	6	S	0	2.60672	4.59738	5.44945	6.05792	0.197497	1.3646	1.74167	2.03515	0.51194	-1.76577
Ind146	6	S	0	5.46574	6.94633	8.05024	12.2805	-0.139542	0.753961	2.57237	-0.451974	-0.0881039	-1.05109
Ind147	6	S	0	5.39187	10.1887	11.0236	22.4821	-0.116839	0.0730233	1.72439	-0.761893	0.0820669	1.01955
Ind148	6	S	0	8.29674	16.4652	24.8226	34.3532	0.993273	0.533271	1.8668	-0.414467	-0.430146	1.26949
Ind149	6	S	0	9.5419	9.65742	13.1303	33.8564	-0.885624	0.141039	-0.164548	-0.284688	-0.0286632	0.498331
Ind150	6	S	0	26.699	29.5121	36.8753	38.324	-1.4442	-0.509715	-1.13679	0.0690215	0.691412	-0.076187
Ind151	6	S	0	17.3563	18.3749	20.1799	27.2288	-0.436588	-0.452655	-1.20945	-0.0303819	0.00181522	0.45423
Ind152	6	S	0	33.3684	36.6277	40.6678	56.4247	-0.289791	0.557144	-1.19355	0.74024	-0.125825	0.43148
Ind153	6	S	0	153.847	175.584	176.235	240.408	0.693063	-0.190869	-0.807366	0.239413	-0.233663	1.42313
Ind154	6	S	0	14.1948	15.4151	17.6824	25.5381	0.115376	-0.606158	-0.79678	1.12133	-0.217466	0.235041
Ind155	6	S	0	177.504	177.799	179.13	182.26	-0.23607	0.0742826	-0.508568	-1.26997	-0.518624	-0.509629
Ind156	6	S	0	47.7502	50.162	68.5998	104.204	-0.802042	-2.08915	-0.672729	-0.583629	-0.238219	1.71496
Ind157	6	S	0	10.6743	11.963	14.5807	17.5581	-1.07815	0.511372	-0.89728	2.09908	-0.66601	-0.511625
Ind158	6	S	0	18.6274	18.9162	23.4548	24.6021	-0.805293	-0.368247	-0.0680654	0.0959167	-1.27813	-0.293459
Ind159	6	S	0	11.1671	11.3295	11.4242	13.8611	-0.729381	0.907879	-1.24334	1.05333	0.0405469	-1.61492
Ind160	6	S	0	11.6202	18.465	20.2788	42.455	0.499424	-0.321129	-1.64699	-0.239534	1.00249	-0.105179
Ind161	6	S	0	6.20254	6.97191	13.5011	28.415	-0.262912	-2.40647	-0.917151	0.668488	0.655702	0.632395
Ind162	6	S	0	237.52	244.678	245.435	295.764	-0.877684	-0.566435	-1.59372	0.510127	1.05602	0.562868
Ind163	6	S	0	11.3328	13.3466	14.0879	15.6616	1.17445	0.351617	-1.23943	1.44428	0.0890671	-1.10691
Ind164	7	E	1	no	2.46626	8.0928	11.7799	-0.217516	-0.379328	-1.15207	-0.0149222	-0.523911	0.792686
Ind165	7	E	1	no	1.30155	2.64246	4.55065	0.547105	0.341117	-0.659527	0.761929	0.174575	-0.540151
Ind166	7	E	1	no	0.298922	2.11952	4.94376	0.331137	1.16311	0.802339	0.344447	0.264073	-0.047272
Ind167	7	E	1	no	14.2494	19.4628	88.2908	1.06495	0.146986	-0.199252	0.404559	1.47468	0.0683386
Ind168	7	E	1	no	5.64775	9.72349	74.8032	0.511849	0.599001	0.423392	0.803311	0.940262	0.0304012
Ind169	7	S	0	34.0912	34.7034	34.9123	36.2536	0.114046	-0.972741	-0.0318455	-0.622497	-0.593308	-0.654146
Ind170	7	S	0	2.87991	2.8917	2.93034	3.20418	-0.985568	2.29779	-0.10376	0.6783	-0.570195	-1.55376
Ind171	7	S	0	0.412804	0.668048	1.09838	2.07089	0.547738	-0.11131	0.702781	0.543804	-0.460986	-0.970982
Ind172	7	S	0	1.22723	14.3028	24.9583	28.7313	1.11177	0.630033	-0.263102	-0.926593	-0.0414213	0.520666
Ind173	7	S	0	5.88015	8.44164	10.9519	20.8703	0.492212	-0.783837	0.310699	0.698547	0.0190765	-0.201211
Ind174	7	S	0	9.6572	13.0105	13.4805	18.9046	0.331058	0.26146	-1.11694	0.435994	0.414596	-1.07896
Ind175	7	S	0	10.9163	12.0243	18.1748	24.0281	0.42301	-1.18241	0.86017	-1.08757	0.877118	-1.0081
Ind176	7	S	0	35.4789	40.0002	52.8176	53.8562	-0.0653454	2.22845	-0.265106	-0.758085	0.721918	0.161868
Ind177	7	S	0	18.6349	20.1138	23.8012	43.9544	-0.0201782	0.2323	0.644143	-0.728511	1.37266	-0.702314
Ind178	7	S	0	6.29429	9.62491	10.631	12.6699	0.12962	-0.33334	-0.276608	1.20698	1.16661	-1.3518
Ind179	7	S	0	no	no	no	no	-1.86349	-0.896466	-0.368265	-2.32082	1.40976	0.935492
Ind180	7	S	0	23.5981	49.7384	53.1447	76.9093	-0.488405	0.777051	-0.45697	-1.27354	1.27444	-0.647035
Ind181	7	S	0	2.07645	5.11338	8.6399	14.554	-0.808939	-0.268411	0.239926	-0.0521454	0.646262	0.0727157
Ind182	7	S	0	29.9462	50.0584	157.471	170.756	-1.03816	-0.919961	-1.45703	-1.05912	0.672928	2.10304
Ind183	7	S	0	18.6221	41.6019	56.9988	125.34	-0.944187	-1.39643	1.03367	-1.44846	0.395062	1.15045
Ind184	7	S	0	0.820425	0.921823	1.93332	2.78148	1.1256	0.346907	-1.03857	-0.428638	-0.796452	0.372936
Ind185	7	S	0	no	no	no	no	1.25677	-0.0377836	-0.93682	-0.249307	-0.829399	0.250228
Ind186	7	S	0	15.2671	15.2861	16.4249	16.9899	0.905285	-0.017471	2.26402e-05	-0.17021	-0.706492	-0.240831
Ind187	7	S	0	18.7007	20.9349	23.5499	27.4449	0.389053	1.44131	-0.934952	-0.250155	-0.788831	-0.16322
Ind188	7	S	0	5.69351	8.89228	9.83159	12.8416	0.396474	-0.967756	-0.301152	0.78995	-0.355317	0.686702
Ind189	8	E	1	no	5.91389	11.5269	29.8382	-0.674152	0.529081	-0.844547	0.159909	0.78996	-0.186419
Ind190	8	E	1	no	2.5741	4.7397	5.4405	-0.896752	-0.363255	-0.534788	-1.14292	-0.0629923	-0.382597
Ind191	8	E	1	no	3.78609	3.94089	6.18091	0.812395	2.91314	1.16601	-0.468507	0.553756	-0.312081
Ind192	8	E	1	no	7.44166	14.8301	28.1552	-0.561045	0.301334	-0.523156	0.437616	1.02474	-0.888795
Ind193	8	E	1	no	0.979137	2.43259	2.84751	0.665699	-1.11038	-0.70302	-0.105398	-0.216937	0.267086
Ind194	8	S	0	4.37003	19.8485	29.4549	31.9737	-2.17705	1.94761	-0.587219	1.21838	0.850614	0.123903
Ind195	8	S	0	5.22981	5.55776	5.68072	8.11466	-1.40662	1.13827	-0.807409	0.890029	0.184304	-2.23545
Ind196	8	S	0	no	no	no	no	-1.63209	0.302027	-1.02959	-0.498898	-0.143374	-0.314862
Ind197	8	S	0	4.51323	4.73423	6.47622	28.3875	-2.27307	0.05542	-0.627704	0.391238	0.372269	-0.665876
Ind198	8	S	0	16.7023	17.1073	19.9251	20.8776	-1.28551	-1.33272	-0.304126	-0.133261	0.0557204	-0.407604
Ind199	8	S	0	5.49955	5.52129	5.93728	11.4795	0.639758	-0.126813	-1.03786	0.491995	-0.885743	0.139072
Ind200	8	S	0	10.8169	11.9695	14.8872	25.7388	-0.697404	1.03178	-0.828244	-0.81388	-0.43902	0.709279
Ind201	8	S	0	no	no	no	no	0.533538	0.0822318	-0.284491	0.0782911	-0.541062	-1.02843
Ind202	8	S	0	4.59937	7.02501	8.37123	12.8708	-0.997321	-0.572154	0.0726724	0.802547	-1.02883	1.43537
Ind203	8	S	0	no	no	no	no	0.307687	0.543408	0.336486	-0.0490506	-0.189321	0.279594
Ind204	8	S	0	4.7421	6.11871	16.6559	18.9157	0.214715	-0.638581	0.660255	-0.181393	-0.717275	-0.165452
Ind205	8	S	0	4.08088	4.29371	7.28039	8.26486	-0.0857784	-1.54518	-0.451552	1.24088	-0.371841	0.966318
Ind206	8	S	0	4.63367	4.79195	5.00409	5.14962	1.51721	0.858385	-0.254234	1.02161	-0.993171	-0.793292
Ind207	8	S	0	5.05366	7.61061	10.757	14.1237	0.780875	-1.52823	0.134067	0.418349	-1.33181	1.12707
Ind208	8	S	0	no	no	no	no	0.871316	-0.154479	-0.958429	0.882241	-1.64835	-0.173235
Ind209	8	S	0	4.64152	5.86634	7.81721	13.5211	0.183724	-0.172907	0.705379	0.686969	-0.624578	-0.0244961
Ind210	8	S	0	no	no	no	no	0.644847	-0.72822	-0.56912	-0.822239	-0.0208558	1.2277
Ind211	8	S	0	12.2534	12.7543	15.3291	31.5759	0.355503	0.630383	-0.561733	-1.05315	0.0435734	-0.271416
Ind212	8	S	0	30.1412	38.6393	40.3599	58.0182	-1.47435	-0.332365	-1.28384	0.432799	0.374174	-0.32586
Ind213	8	S	0	5.89585	6.49835	6.72097	8.18246	-0.290628	0.126685	-1.67256	-0.81134	-0.910783	-0.889654
Ind214	9	E	1	no	9.01905	22.9277	28.6353	-0.192733	-0.317536	-0.709268	-0.435064	0.503797	0.115247
Ind215	9	E	1	no	3.28233	7.81437	7.91484	0.145755	0.495744	-0.655358	-0.0416235	-0.60131	0.487847
Ind216	9	E	1	no	4.03904	21.222	146.133	-1.48587	0.637385	-1.87228	0.568164	1.06875	0.84284
Ind217	9	E	1	no	0.00293767	1.55643	3.84805	-0.348399	1.2195	-0.96803	-0.703269	0.21741	-0.740893
Ind218	9	E	1	no	8.23752	39.7131	49.8155	1.02804	-1.85459	0.125151	0.403059	0.634058	1.49656
Ind219	9	S	0	6.78165	6.83722	10.5944	12.0227	-0.706765	1.71234	1.1419	-0.667706	0.0148354	-0.931331
Ind220	9	S	0	0.90769	31.0977	45.8204	55.0162	-0.512678	0.89019	0.497211	1.03498	0.753581	0.679116
Ind221	9	S	0	3.87406	5.25347	7.43933	8.64832	-0.625754	-0.18436	1.50028	-0.798872	0.489751	-0.870817
Ind222	9	S	0	9.33783	19.7589	24.5357	43.5612	1.11944	-0.751627	1.37073	0.0605211	-0.395005	1.42823
Ind223	9	S	0	19.9905	23.2853	33.2585	41.0542	-0.713043	-0.581177	-0.539282	-0.269457	0.0359969	0.765975
Ind224	9	S	0	7.16355	70.7637	103.877	173.745	-0.254831	0.324191	0.294735	0.591849	0.996304	0.742061
Ind225	9	S	0	7.52263	22.4149	69.5844	85.6829	0.171916	0.717232	-0.438896	-0.231506	1.55912	-0.184386
Ind226	9	S	0	no	no	no	no	-1.52138	-0.871002	0.503536	-1.70073	0.0341094	0.234864
Ind227	9	S	0	7.72609	8.17176	17.5921	50.3578	0.911939	-0.264652	0.571048	1.3179	0.114266	0.355527
Ind228	9	S	0	33.2093	33.8686	39.1646	60.0161	-1.65931	0.76108	-0.641655	-1.5225	0.930497	-0.0992306
Ind229	9	S	0	10.9805	11.0409	11.1014	11.709	0.0960554	-0.0207687	0.145134	0.478187	-1.91224	-0.48156
Ind230	9	S	0	10.6648	11.1626	17.6991	25.2614	-0.0401894	-0.488718	0.740456	0.0112229	-0.206732	-0.0901125
Ind231	9	S	0	6.90582	7.17177	9.46084	21.8073	1.39613	-0.044783	0.836393	-0.190442	-0.119403	0.602095
Ind232	9	S	0	17.2997	32.2349	89.7235	129.52	-0.60743	-0.0954826	0.125519	-1.34612	-0.102655	1.81455
Ind233	9	S	0	8.86077	9.07611	9.26444	9.33635	0.165223	-0.256156	1.28789	0.200581	-0.952605	-1.09221
Ind234	9	S	0	19.9664	27.8638	84.9243	362.144	-0.464428	-1.25025	-0.157536	-0.403262	0.466225	1.25168
Ind235	9	S	0	22.9911	27.8252	31.6447	34.4488	-0.309594	1.63983	-0.498299	-0.439637	0.75882	-0.123539
Ind236	9	S	0	7.85632	20.0119	22.1311	24.02	-0.770779	0.121735	0.432056	1.5342	0.503496	0.669883
Ind237	9	S	0	3.07703	5.06471	5.80448	29.6126	0.478614	0.643109	0.781364	0.478876	1.08266	-1.72783
Ind238	9	S	0	6.79907	14.2364	15.4866	26.057	2.14533	0.0976127	1.03632	0.184534	1.0403	0.1231
Ind239	10	E	1	no	0.611684	3.19476	4.05268	-1.5414	0.815061	-1.19733	0.206134	-0.160987	-0.499783
Ind240	10	E	1	no	0.751347	1.34235	9.20896	-0.912349	0.558408	-1.37319	-0.440728	0.40567	0.325954
Ind241	10	E	1	no	3.91753	8.21582	20.6946	0.65022	-1.25995	-1.11759	0.423448	0.795924	-0.608655
Ind242	10	E	1	no	19.9116	29.6004	45.1533	-0.183887	0.174655	-0.995983	0.225802	0.992004	0.609331
Ind243	10	E	1	no	2.54087	16.2291	18.8081	-0.989573	0.824288	-1.28212	-0.18695	0.186972	-0.0060306
Ind244	10	S	0	4.43348	5.4252	5.79116	17.7443	0.807466	0.0827583	0.519175	0.677149	-0.258369	-0.516088
Ind245	10	S	0	14.278	15.4161	20.9378	25.0469	1.40285	-0.16578	1.27319	-1.49116	-0.14657	-0.544189
Ind246	10	S	0	6.75771	6.88062	12.498	21.6798	2.05133	-2.7394	2.20573	0.159496	-0.69632	1.00438
Ind247	10	S	0	6.49679	7.18856	7.4399	7.73607	1.06408	0.475038	0.662711	0.346947	-0.668764	-0.683611
Ind248	10	S	0	3.34516	6.0362	6.08833	6.89161	0.118604	-0.981377	1.65712	0.202021	-0.0701606	0.201261
Ind249	10	S	0	1.11554	9.19655	11.8162	70.7517	1.91612	0.249312	2.53287	0.328366	-0.00836624	0.899198
Ind250	10	S	0	5.5938	5.80793	16.522	31.7912	-0.594801	1.2035	1.43125	-0.913981	0.572852	-0.309515
Ind251	10	S	0	2.55339	4.43024	5.50759	5.58042	0.688159	0.84108	1.58305	1.48124	-0.499898	-1.08085
Ind252	10	S	0	3.28234	3.7561	11.333	19.5262	1.12567	-0.102426	1.67707	-0.0280086	-0.468851	-0.476558
Ind253	10	S	0	4.51788	11.1146	24.451	44.4644	0.319623	0.528022	2.14464	-1.2514	0.201044	0.636757
Ind254	10	S	0	5.49933	12.2839	17.0146	19.3996	0.909582	-0.0269357	-0.949912	-0.0193265	1.02893	-0.505538
Ind255	10	S	0	32.9497	44.0153	87.1134	106.217	-0.187473	-1.32595	-0.962544	-1.0853	1.75678	0.450786
Ind256	10	S	0	45.4336	84.5552	147.378	182.542	-0.307384	0.226832	-0.387935	-1.3292	0.643293	1.60466
Ind257	10	S	0	6.68432	7.11738	7.23075	7.65418	-0.381742	1.30477	0.385545	-0.175433	0.73821	-2.27884
Ind258	10	S	0	4.71754	16.6742	19.1563	32.3642	0.494599	-0.167787	-0.00294916	0.429309	0.703476	0.10821
Ind259	10	S	0	6.74734	9.30952	10.8847	14.3867	0.426499	-1.24161	-1.47448	0.206175	-1.09433	1.15321
Ind260	10	S	0	3.25675	4.41797	5.92609	7.12533	0.898609	1.02668	1.63682	-0.34514	0.372634	-1.17116
Ind261	10	S	0	5.25471	5.34641	19.1362	23.2257	1.2759	0.259157	0.00540086	0.357687	-0.514324	1.25091
Ind262	10	S	0	1.82948	2.70018	17.5295	22.3778	1.47688	0.465021	-0.064999	-0.451136	0.542657	-0.249523
Ind263	10	S	0	6.36175	6.36942	6.36999	13.3787	-0.699905	0.0937157	-1.67252	0.63316	-0.515956	-0.117959
Ind264	11	E	1	no	2.39693	2.43198	4.11596	0.807918	0.49554	-0.351405	-1.12466	-0.0852931	-0.132367
Ind265	11	E	1	no	0.770948	0.919995	4.42701	-0.54793	1.29951	-1.25688	0.0982478	0.150608	-0.668944
Ind266	11	E	1	no	2.40829	3.41593	4.76252	0.98537	0.657348	-0.878677	0.352937	0.105497	-0.61555
Ind267	11	E	1	no	0.517814	0.796157	2.92796	-0.654157	1.41031	-0.946396	0.972852	-0.461563	-1.42183
Ind268	11	E	1	no	9.50945	18.8441	59.1079	-0.795775	-0.0181292	-1.6045	-0.126157	0.0882271	0.764225
Ind269	11	S	0	44.6017	44.9659	46.2621	46.673	-0.834904	0.180016	0.211084	-0.0974555	-0.280642	-1.38166
Ind270	11	S	0	4.30072	12.7141	14.2723	40.007	-1.18196	-0.362677	-0.481883	0.826259	0.0128451	1.08608
Ind271	11	S	0	1.75762	7.75589	8.91195	11.24	-0.0193559	-1.61605	0.947264	-0.421057	0.0356949	-0.0255517
Ind272	11	S	0	4.28685	4.39877	5.0244	5.86831	-0.00713849	0.746801	1.40679	-0.191688	-0.659298	-1.44442
Ind273	11	S	0	3.52893	4.29536	4.34817	4.6537	0.0417172	1.31299	0.209892	0.258345	-1.14072	-0.45674
Ind274	11	S	0	no	no	no	no	-0.429121	0.948325	-1.63488	0.742806	-0.412672	-0.891747
Ind275	11	S	0	2.90215	3.17107	8.54984	22.1134	-1.50688	-0.689833	-0.16605	-0.221607	-0.325718	-0.373094
Ind276	11	S	0	3.63241	8.98094	12.5566	64.7765	-0.99356	-0.0419686	-0.274914	0.220957	-0.447184	1.25058
Ind277	11	S	0	3.94056	4.02077	4.20247	5.79948	-3.66816	-0.62169	-0.873412	1.26098	0.585312	-0.38664
Ind278	11	S	0	29.0238	105.874	160.757	176.221	-0.506297	-0.81218	0.137929	0.24444	0.207103	1.87972
Ind279	11	S	0	27.9801	28.8248	29.2751	29.8194	0.521725	0.715662	1.16375	0.715516	0.164843	-0.902993
Ind280	11	S	0	87.4777	118.078	137.152	250.349	-2.07438	-0.410228	-0.481877	-0.724019	0.423772	1.19155
Ind281	11	S	0	2.53324	6.64843	8.40213	11.5577	1.09606	-0.836293	1.70921	0.124364	0.336633	-0.494017
Ind282	11	S	0	31.9712	47.8413	54.7778	95.2964	1.01122	-1.01459	1.34201	-1.34831	0.864611	0.482988
Ind283	11	S	0	3.26443	3.51344	3.56038	3.75334	1.62432	2.27179	0.926955	0.50405	0.18266	-1.89572
Ind284	11	S	0	3.59218	4.24589	4.44215	5.26047	1.74038	-0.733186	0.676342	0.812786	-0.830586	-1.36068
Ind285	11	S	0	0.558899	2.44413	3.7861	4.52764	0.804047	-1.59941	0.520575	-0.525407	-0.192247	-0.180922
Ind286	11	S	0	80.514	86.6091	88.1656	89.1866	1.24398	-0.822583	0.327616	0.0226877	-0.194583	-0.450806
Ind287	11	S	0	29.5163	30.3185	30.7145	32.0401	0.335689	-0.390739	0.48574	-0.150843	-0.752837	0.325145
Ind288	11	S	0	43.7211	44.1927	47.1839	51.6678	1.19948	0.332591	-0.0169027	-0.0584984	-1.51807	0.0973523
Ind289	12	E	1	no	0.898335	4.16059	20.2093	-1.44542	-0.691996	-1.84526	-0.559476	0.0301194	0.107606
Ind290	12	E	1	no	0.0686725	2.23333	8.55451	-0.586046	0.988401	-1.30796	0.263873	-0.370147	0.374094
Ind291	12	E	1	no	0.118316	1.64141	3.02198	-1.37281	1.75426	-2.47181	1.4608	0.332853	-0.283494
Ind292	12	E	1	no	7.85898	12.97	36.5391	0.176397	0.213586	-1.69418	-0.429644	0.339314	0.625819
Ind293	12	E	1	no	1.15427	6.67013	23.915	0.808222	-0.794104	-2.16374	0.890105	-0.105999	-0.138021
Ind294	12	S	0	5.36494	6.64874	10.5934	10.8882	-0.687561	-0.434758	0.22569	-0.362439	-0.616662	-0.024618
Ind295	12	S	0	6.40551	8.12263	8.24657	11.9624	-0.325853	1.64737	0.143445	0.537483	-1.00731	0.228468
Ind296	12	S	0	40.8611	41.0674	41.5532	42.1684	0.160896	-0.559742	-1.62493	0.351219	-1.41641	-0.40449
Ind297	12	S	0	27.0557	27.3473	27.4581	27.7769	-1.24249	1.68462	-1.16186	0.548141	-1.26887	-1.61832
Ind298	12	S	0	0.425554	0.652162	0.712955	0.876827	0.225774	1.09865	-1.29193	1.0464	-1.2222	-0.498471
Ind299	12	S	0	5.80596	9.91743	28.0556	58.8323	-0.130174	0.683887	1.94979	-0.900032	1.26966	-0.248298
Ind300	12	S	0	2.24838	25.5138	62.2616	90.5257	-1.05861	-1.04934	0.80044	0.239425	-0.0223872	1.51365
Ind301	12	S	0	1.99465	11.5519	14.8515	15.0496	0.706897	-0.580012	1.57736	-0.380384	-0.335544	0.703596
Ind302	12	S	0	0.455714	7.77793	11.708	21.899	-0.632734	0.889466	0.69684	1.43612	0.633729	0.772051
Ind303	12	S	0	5.07327	31.7698	69.2831	70.1354	-0.217766	0.337465	1.1539	-0.591961	0.991747	0.701666
Ind304	12	S	0	0.740244	2.49295	34.4806	69.2322	-0.665329	-1.05019	0.754555	0.539183	0.77618	0.825189
Ind305	12	S	0	11.0006	24.4546	35.7192	46.1497	-0.993529	-1.02139	1.56398	-0.91287	0.781624	0.0275985
Ind306	12	S	0	9.04002	18.1129	53.5125	59.3563	-2.72849	0.000188083	0.617264	-0.73613	1.49271	0.456501
Ind307	12	S	0	5.86677	15.5698	25.3283	26.9904	-0.221749	-1.22893	0.898755	0.0181232	0.928239	0.06945
Ind308	12	S	0	6.28392	9.08935	51.972	147.724	-0.607317	0.496071	0.524958	-0.881562	1.21084	0.738887
Ind309	12	S	0	3.00493	3.60569	5.42511	6.00676	1.44528	0.109792	-0.56648	1.23617	-1.52037	0.803901
Ind310	12	S	0	no	no	no	no	0.639288	-1.90053	-1.51391	-1.65059	-0.938714	1.48865
Ind311	12	S	0	17.5781	19.4757	21.3339	67.5586	-0.649359	0.333881	-1.13254	-0.964699	-0.535105	1.05915
Ind312	12	S	0	38.996	41.9726	50.9343	54.9086	1.07563	-1.05073	0.192108	-0.309571	-1.24539	1.45349
Ind313	12	S	0	1.2582	5.12757	5.34035	17.9604	2.32992	-2.95215	1.44676	-0.95831	-1.4128	1.59432
Ind314	13	E	1	no	0.0521889	1.64657	6.17687	-0.95521	-0.282052	-2.23417	-1.0156	-0.203605	-1.59528
Ind315	13	E	1	no	3.73962	4.8034	9.36506	-0.152344	-0.520302	-1.47878	0.326416	-0.0265089	-0.310397
Ind316	13	E	1	no	0.259091	0.864906	3.6026	-0.90529	-1.23855	-1.89156	0.324729	-0.679269	-0.867183
Ind317	13	E	1	no	7.51532	9.84428	14.1545	-0.750697	-0.946241	-2.20488	0.456597	-0.171478	0.112781
Ind318	13	E	1	no	6.08418	24.0018	61.4762	-0.10386	-0.714648	-1.2762	-0.0536802	0.306982	0.980536
Ind319	13	S	0	49.9507	79.3488	119.784	168.26	-0.996043	1.06153	-0.3252	0.209676	0.0446879	1.86666
Ind320	13	S	0	8.83136	8.95169	9.38477	11.3547	0.190848	-0.534878	-0.700574	1.51136	-0.882458	-0.752256
Ind321	13	S	0	30.4193	31.4785	31.9149	38.2542	-1.60574	0.267184	-1.18275	-0.242039	-0.941674	0.112316
Ind322	13	S	0	no	no	no	no	-2.33	-0.784222	-2.01502	-0.405937	-0.101538	1.02723
Ind323	13	S	0	21.1932	22.2834	22.6575	25.2423	-0.366428	-0.153368	-0.432022	0.0623415	-0.720279	0.182603
Ind324	13	S	0	no	no	no	no	-1.30093	-0.711093	0.131043	-0.809794	1.66012	0.431531
Ind325	13	S	0	no	no	no	no	0.296936	0.975768	1.14608	-2.08291	0.385424	0.873658
Ind326	13	S	0	18.7037	19.3718	28.9542	35.4406	0.143129	0.443876	1.05118	0.526115	0.743525	-1.17454
Ind327	13	S	0	33.8795	40.3553	41.7691	45.5473	-1.53833	-0.449345	-0.0189999	-0.755766	0.292757	-0.570533
Ind328	13	S	0	10.8144	12.1728	14.0859	14.0914	-0.908337	-0.769044	0.939535	0.623325	0.496248	-1.27835
Ind329	13	S	0	no	no	no	no	0.737179	1.04404	-1.18605	-0.738286	-0.484036	1.17652
Ind330	13	S	0	23.3091	23.8288	30.1446	33.4031	-0.42661	-0.754716	-0.907129	0.19868	0.313533	0.253246
Ind331	13	S	0	18.5219	20.5507	21.5806	25.1877	1.28228	0.35938	0.0147745	0.569322	-0.611611	-0.609698
Ind332	13	S	0	no	no	no	no	-0.226689	-1.1095	-0.450864	-0.419042	-0.505972	0.133379
Ind333	13	S	0	7.84092	10.7057	11.7088	11.9996	0.783227	-1.42457	0.594481	-1.34294	-0.19016	-0.713857
Ind334	13	S	0	12.4254	18.3677	20.9617	41.0241	0.145927	-0.448682	1.64332	-0.595538	1.05528	0.161461
Ind335	13	S	0	11.3364	18.2201	60.5715	66.0119	-0.931146	0.75324	1.87334	-0.642382	0.923558	0.289982
Ind336	13	S	0	109.718	114.554	116.446	117.171	-0.876109	-1.05161	-0.752467	-0.904228	0.602286	-1.17631
Ind337	13	S	0	21.5616	21.8484	27.1479	34.1789	-1.09278	-1.46412	0.0800169	0.592143	-0.0358288	0.166484
Ind338	13	S	0	21.8162	31.3614	36.4406	46.3335	-1.6045	0.672358	-0.177053	1.02186	1.69027	-1.46466
Ind339	14	E	1	no	2.61632	4.2922	7.60953	0.718226	1.29668	-0.545283	1.25302	-0.367463	1.06409
Ind340	14	E	1	no	0.85183	0.873748	2.19331	-1.11002	-0.5168	-0.813572	-1.35129	-0.0444843	-0.544465
Ind341	14	E	1	no	5.19992	8.29848	8.39206	-0.0713966	-0.0333196	-0.662849	0.752529	-0.53033	0.57065
Ind342	14	E	1	no	18.8386	21.8434	69.5867	-0.935401	-1.25192	-1.64583	-0.643582	0.0591406	1.12904
Ind343	14	E	1	no	1.10875	1.44671	4.25882	0.282786	-0.269706	-0.694275	0.360339	-0.00851851	-1.14155
Ind344	14	S	0	51.2439	64.2482	69.3511	397.579	0.580948	-0.48972	-0.717357	0.429692	0.973033	1.85145
Ind345	14	S	0	4.10205	6.09994	7.66017	9.28366	0.0580572	-0.27916	-0.742645	1.04018	0.190208	-2.04192
Ind346	14	S	0	no	no	no	no	0.0526046	-0.230005	-2.00996	-0.881081	0.0885928	-0.0488009
Ind347	14	S	0	5.22999	13.6941	29.9046	41.4915	-0.0870589	0.521481	-0.444483	0.0744667	0.976824	-0.103931
Ind348	14	S	0	2.93932	6.12958	11.1198	22.44	-0.960699	0.710818	-1.40558	2.06414	0.631523	-0.708747
Ind349	14	S	0	5.2976	7.99363	10.8808	22.3879	0.0836503	-0.732839	0.445975	0.969933	-1.3351	1.19061
Ind350	14	S	0	10.6996	50.599	62.8803	73.9605	0.123518	-0.189593	0.508773	-1.18646	0.0311943	0.93596
Ind351	14	S	0	9.23223	9.69303	9.90841	12.0879	1.2286	0.800528	0.405612	0.406064	-1.36911	-0.885041
Ind352	14	S	0	2.67294	3.16014	3.45433	8.46443	0.352201	-0.454012	0.42105	0.975399	-1.13108	1.2434
Ind353	14	S	0	2.95862	5.14785	5.58683	26.9629	0.324324	-0.217804	1.4053	1.08463	-0.044106	0.323491
Ind354	14	S	0	2.71481	3.33252	15.4194	65.9898	-1.07529	0.611784	1.0783	-0.649089	1.00702	0.0851553
Ind355	14	S	0	6.2145	8.06791	33.8261	56.124	-1.3141	0.373059	0.121859	0.63467	1.25665	-0.223813
Ind356	14	S	0	1.75058	2.67816	8.3682	19.1381	-0.329346	0.922953	1.59533	0.642577	0.933024	0.338284
Ind357	14	S	0	1.64359	1.826	4.76532	60.4818	-1.70272	1.31013	1.84626	0.944136	0.982692	0.160745
Ind358	14	S	0	6.31122	14.4112	20.389	37.6518	-1.17509	-1.0145	1.80685	-1.72043	1.30784	-0.405046
Ind359	14	S	0	65.5523	70.6649	70.7025	73.789	-1.44124	0.890197	5.27211e-05	-0.143537	0.0633678	-0.949042
Ind360	14	S	0	33.195	36.0186	36.2631	37.1751	-0.803251	-0.819695	0.230566	-1.18869	-0.669968	0.109253
Ind361	14	S	0	3.64802	7.73117	7.81839	11.3767	1.09693	-1.0262	0.908204	1.36892	-0.753055	0.0677167
Ind362	14	S	0	3.14602	4.15738	8.44871	17.0071	-0.260019	2.38299	1.29339	0.475611	-0.549428	-0.0277023
Ind363	14	S	0	no	no	no	no	-0.252973	-1.96211	0.111417	-1.33359	-0.655318	0.225457
Ind364	15	E	1	no	2.86427	3.04512	7.16259	0.363477	-1.63403	-0.678903	-0.733243	0.170418	0.584883
Ind365	15	E	1	no	5.20608	24.6523	56.0635	-0.128347	0.959079	-0.604105	-1.36904	0.106029	2.29774
Ind366	15	E	1	no	0.0286636	0.289098	0.381602	0.0789623	1.23982	-1.32724	-0.0978072	-0.562847	-1.21749
Ind367	15	E	1	no	13.4033	14.1726	38.9862	0.995143	-0.368923	-0.956569	-1.74039	0.0771361	1.06778
Ind368	15	E	1	no	1.21342	16.5342	51.8555	-0.0973689	-0.526819	-0.424893	1.2072	-0.311884	0.965849
Ind369	15	S	0	1.44672	1.67577	1.92356	3.11137	-0.74552	1.39398	2.77674	-0.244085	0.0921984	-1.41989
Ind370	15	S	0	1.7622	28.9339	52.5023	191.81	0.65002	-0.326166	2.18709	-1.31935	1.13268	1.05033
Ind371	15	S	0	5.07171	6.95091	15.0467	19.7374	0.142062	-1.30914	1.87695	0.969602	-0.159439	-0.380916
Ind372	15	S	0	6.52778	6.79453	7.5008	9.6627	0.405866	0.414337	1.28822	1.00772	0.0336642	-1.05751
Ind373	15	S	0	16.8964	55.7995	75.4875	145.303	-1.02542	-0.752012	0.939758	-0.230372	0.0749983	1.90961
Ind374	15	S	0	151.186	152.498	156.01	181.086	-1.09981	-0.902511	-1.27287	-0.990719	0.291429	-0.231306
Ind375	15	S	0	60.7764	69.7874	76.3813	104.007	-0.806097	-0.820958	-1.0865	0.70084	-0.79736	1.94101
Ind376	15	S	0	20.7552	22.9051	54.5545	57.8768	-0.281643	1.40501	-0.259195	0.422394	0.354974	0.793131
Ind377	15	S	0	13.8242	15.839	16.4244	47.2521	-1.15143	-0.164768	-1.4203	1.22199	0.0126357	-0.504449
Ind378	15	S	0	6.56184	7.39927	7.58088	7.6553	0.209407	0.899735	-0.699502	-0.702674	-0.524817	-1.60608
Ind379	15	S	0	3.22886	3.76964	4.24834	10.3573	0.012686	-1.10231	0.286906	-0.0879188	-0.0558628	-0.54574
Ind380	15	S	0	17.9695	20.3818	21.0697	46.71	0.885904	0.268013	-0.151445	0.27181	-0.304562	0.0952281
Ind381	15	S	0	8.46833	10.1799	23.1579	70.5649	-0.660582	2.15932	0.0903336	1.01491	0.0419835	0.735755
Ind382	15	S	0	8.30859	9.29436	12.1657	12.8307	-0.536652	0.477153	-0.232234	0.563388	-0.296227	-1.04374
Ind383	15	S	0	1.55893	2.1775	3.85365	9.5641	-1.10502	0.230395	-0.238914	2.11098	0.307835	-1.06522
Ind384	15	S	0	no	no	no	no	-1.25785	-2.52521	-1.29663	-0.94006	0.661591	0.653914
Ind385	15	S	0	6.93207	11.0229	36.6107	195.347	-0.641682	-1.22608	-1.36683	-0.650711	0.800113	0.885916
Ind386	15	S	0	26.7788	27.9891	32.4791	62.208	-0.0819787	-0.296505	-0.265334	-1.40805	0.515805	0.322812
Ind387	15	S	0	33.4344	34.996	35.1165	35.2278	0.0975367	-1.53388	-1.38428	-0.906083	-0.222692	-1.26004
Ind388	15	S	0	32.0349	33.664	40.5301	41.8242	-1.64228	-0.712631	-2.26054	0.121501	0.920342	-1.19452
Ind389	16	E	1	no	2.58337	4.07059	37.51	-2.28056	-0.343071	-2.78975	-0.187555	-0.496918	1.48271
Ind390	16	E	1	no	1.69453	4.83953	5.29571	-0.426215	0.521095	-1.9434	-0.906917	0.581938	-0.432311
Ind391	16	E	1	no	4.19284	9.68543	14.9212	0.508499	-0.272768	-1.36681	-0.33853	-0.127005	0.107509
Ind392	16	E	1	no	20.9577	26.1317	34.8083	-0.350604	-0.268545	-2.66281	-1.14	-0.454136	1.37831
Ind393	16	E	1	no	3.04767	3.05109	4.07086	1.29988	-0.526253	-0.641156	0.538094	-0.499719	0.031535
Ind394	16	S	0	26.6694	27.9563	29.3158	30.5433	0.505841	-0.392959	-0.395997	0.406533	-0.177775	-0.273071
Ind395	16	S	0	54.9558	55.0316	55.3084	58.1195	1.19617	-0.00594417	0.26899	-2.19236	-0.437481	-1.12001
Ind396	16	S	0	53.039	66.5462	80.3814	82.4033	0.619213	-2.09546	-0.239021	-0.655852	-0.111131	0.552024
Ind397	16	S	0	5.43742	7.54958	8.53238	10.5501	0.274348	0.68572	0.973632	1.17219	-0.0973335	-1.38557
Ind398	16	S	0	43.8628	44.1451	45.6338	48.0123	-1.25734	0.256912	-1.46911	0.637903	-1.34389	-0.206012
Ind399	16	S	0	26.7018	26.973	35.5455	45.2344	1.4606	-0.303198	1.31568	-1.88989	0.324658	0.6713
Ind400	16	S	0	19.3789	30.3581	57.528	125.323	1.09286	0.976076	0.616913	1.2737	0.175018	1.3576
Ind401	16	S	0	30.6597	33.6249	34.9482	46.1653	1.0457	-0.622921	0.526248	-1.66909	0.739581	-0.368347
Ind402	16	S	0	172.542	172.545	174.262	174.325	0.279375	1.14984	0.088	-1.63915	-0.985783	0.0206159
Ind403	16	S	0	5.17836	10.0035	18.5906	90.7004	-0.532239	-1.61099	-0.668992	-0.276885	1.01953	0.317192
Ind404	16	S	0	24.3428	39.9632	52.5418	108.888	-0.943904	0.58162	0.730813	1.05045	1.32127	0.107271
Ind405	16	S	0	3.05205	22.5639	76.0911	289.581	0.820802	1.62409	1.28806	1.78013	1.30365	1.46804
Ind406	16	S	0	30.5867	31.1885	33.0325	35.9277	-1.81945	1.61977	0.229924	-0.134083	0.903968	-1.28807
Ind407	16	S	0	12.4522	17.496	33.3955	66.9772	-0.0763138	1.34569	0.711638	-0.935245	1.19824	-0.161107
Ind408	16	S	0	7.84852	9.25109	17.3841	43.2204	-1.52316	-1.59021	0.517547	1.15913	0.976289	-0.393835
Ind409	16	S	0	55.6351	60.208	61.4578	62.3517	0.981894	-1.47941	-1.68635	-0.318902	-1.21251	1.22791
Ind410	16	S	0	8.98917	9.07533	9.74704	10.4454	0.589948	-1.29677	-0.636745	-0.553875	-1.34815	-0.799477
Ind411	16	S	0	58.5247	59.7655	60.0651	83.0102	0.982046	-0.762738	-1.26473	-0.778289	-0.638364	0.284793
Ind412	16	S	0	29.6935	30.1931	30.739	31.564	0.0854673	2.20707	-1.03711	1.05909	-0.808997	-0.508746
Ind413	16	S	0	40.2691	41.1722	41.2421	41.4173	1.31535	0.571044	-1.33029	0.391908	-0.93076	-1.18554
Ind414	17	E	1	no	17.3639	33.728	96.4544	1.09625	-0.889287	-1.38601	1.79404	0.422998	0.773485
Ind415	17	E	1	no	0.564251	1.34512	5.741	1.15571	0.924543	0.233038	0.146647	-0.224913	-1.00771
Ind416	17	E	1	no	10.2101	18.2475	31.0312	-0.302462	0.328175	-1.14194	0.597257	0.509401	0.210237
Ind417	17	E	1	no	2.59121	6.77892	13.0563	0.469767	-1.53754	-1.80616	-0.556943	-0.664541	1.31257
Ind418	17	E	1	no	7.13993	8.88416	13.5896	0.086055	1.51743	-0.304693	-0.299549	-0.732059	0.0848288
Ind419	17	S	0	6.81578	6.81627	10.7958	15.51	-2.47844	0.369282	-1.08253	1.99976	0.112178	-0.544824
Ind420	17	S	0	3.85674	4.41447	23.1465	57.3949	-1.98766	-0.990539	0.371551	1.27677	0.217243	0.857974
Ind421	17	S	0	5.54862	55.0101	58.4197	122.825	-2.99114	0.822456	-0.88322	-0.853648	0.317096	1.26206
Ind422	17	S	0	50.3693	59.2644	67.5755	115.186	-2.89687	-0.731323	-0.286296	-0.42164	0.745113	0.520016
Ind423	17	S	0	6.88088	6.88486	8.20539	9.77351	-0.381075	-1.0695	-0.195692	0.697163	-0.42454	-0.905179
Ind424	17	S	0	18.2781	18.6232	24.4164	26.5654	0.507105	-0.951742	-1.02345	-0.98292	-0.379872	-0.476881
Ind425	17	S	0	7.57058	7.96242	8.35141	9.39999	-0.461006	0.731104	-2.07554	1.76182	-0.682322	-1.99322
Ind426	17	S	0	1.50223	5.94825	14.7255	18.8516	0.790355	-0.599238	0.610332	1.38971	-0.526008	0.312375
Ind427	17	S	0	no	no	no	no	0.987638	-2.75379	-1.65732	0.516488	-0.80722	-0.161149
Ind428	17	S	0	6.31598	8.5745	10.5336	22.9689	-1.19031	1.04683	-1.19201	0.147738	0.112396	-0.376461
Ind429	17	S	0	0.687098	1.29471	1.95045	3.87652	1.40192	-0.282119	0.98509	0.517885	-0.447304	-0.753706
Ind430	17	S	0	12.3536	12.4814	12.9991	14.5007	-0.0958785	-0.927689	-0.662083	-0.399784	-0.752279	-0.296237
Ind431	17	S	0	7.11274	7.12263	7.60211	10.4997	-0.324103	-0.308701	0.86317	0.540377	-0.657458	-0.495003
Ind432	17	S	0	3.16478	4.13925	4.37842	5.61187	0.663554	-0.75823	1.4343	0.145303	-1.74784	0.39154
Ind433	17	S	0	2.7477	5.48989	8.39408	22.7374	2.29208	1.48113	1.41201	0.1051	-1.29064	0.967027
Ind434	17	S	0	15.5927	15.8517	16.614	19.7946	-0.0294492	-0.290132	-0.1938	-1.8177	-0.890754	-0.554623
Ind435	17	S	0	13.1025	13.8044	15.8977	18.9999	-2.05094	-0.925588	-1.19419	-0.253972	0.783408	-1.31015
Ind436	17	S	0	no	no	no	no	-0.555713	0.180516	-0.384835	-1.67569	0.00115883	-0.17555
Ind437	17	S	0	10.2726	11.119	12.0476	12.7365	0.3318	0.303505	-0.339172	-0.547524	-1.69404	1.29707
Ind438	17	S	0	9.00332	9.68666	10.6858	11.0889	-1.63485	-0.0900975	-1.09242	0.133028	-0.792134	-1.57514
Ind439	18	E	1	no	0.11192	1.3226	1.92973	0.0126521	0.302175	-1.5377	-1.05688	0.0242255	-1.55806
Ind440	18	E	1	no	0.749395	3.72124	3.8149	0.589097	-0.400166	-0.532795	-0.247877	-0.452033	0.850059
Ind441	18	E	1	no	2.39484	4.10882	7.18078	0.895968	-0.713905	-0.676588	0.293287	0.593461	-0.812597
Ind442	18	E	1	no	2.37872	5.61914	6.31212	0.427365	0.558864	-1.29454	-0.679225	0.242224	0.127218
Ind443	18	E	1	no	0.011715	0.351544	4.23141	-0.800868	0.569416	-1.29322	1.04997	0.210673	-1.02039
Ind444	18	S	0	no	no	no	no	0.118563	-1.00108	-0.862199	-0.636017	0.582008	-1.25545
Ind445	18	S	0	4.93092	8.95647	9.64775	25.8418	-0.972858	-0.955261	0.866648	-0.0230972	0.799388	0.263072
Ind446	18	S	0	4.55485	9.84464	9.9702	14.0858	1.20942	0.95094	0.270146	0.929441	0.543494	-0.685053
Ind447	18	S	0	54.2556	54.6587	54.7515	62.8948	-0.913915	-0.386605	0.137716	-1.38242	0.048156	-1.14946
Ind448	18	S	0	6.33539	14.275	23.0124	44.5168	-0.529799	-1.56346	-0.233382	0.823861	0.83891	0.550166
Ind449	18	S	0	4.24715	4.29389	4.41494	7.59731	1.17781	-0.0225184	1.60639	-0.0723059	-0.871734	-0.669428
Ind450	18	S	0	5.05292	5.50324	5.72206	8.71894	1.39707	0.116735	0.879381	-0.348753	-0.311411	-0.598784
Ind451	18	S	0	11.0981	17.2609	42.5047	75.7611	-1.57674	-1.58003	0.817648	-0.649215	1.47135	0.106735
Ind452	18	S	0	5.7136	37.3536	39.587	112.476	1.96488	-0.228303	1.64043	-0.74406	1.14884	0.599718
Ind453	18	S	0	5.54852	8.19092	12.613	26.7609	1.65679	-1.37561	0.622072	0.269098	0.370155	0.0680883
Ind454	18	S	0	5.93068	6.71357	6.76602	7.66205	1.08592	0.782374	1.85066	-0.837815	-1.41355	-0.1258
Ind455	18	S	0	1.07759	4.86063	6.82978	26.9099	-1.29034	-1.29944	0.359432	1.04328	0.69997	-0.212704
Ind456	18	S	0	39.8268	40.165	42.3038	42.6106	-0.935212	-0.429947	-0.0719012	-0.122993	0.524607	-0.437979
Ind457	18	S	0	3.69879	4.10805	6.71219	7.96241	0.947151	0.699005	1.97033	0.285472	-0.251564	-1.3921
Ind458	18	S	0	10.0809	10.6212	11.0924	12.0041	2.03087	-0.20297	0.65958	-1.1831	-0.149256	-0.736653
Ind459	18	S	0	1.5655	15.3771	18.8964	25.273	3.05843	-0.610625	2.30122	0.545431	0.31579	0.124934
Ind460	18	S	0	5.51181	5.58048	5.91568	7.48635	2.01673	0.0879913	0.157243	0.23188	-0.686282	-1.26926
Ind461	18	S	0	6.77674	15.0898	23.6536	246.718	-1.18017	-0.308379	0.522296	0.474601	0.282353	1.2013
Ind462	18	S	0	21.2263	21.768	39.9617	72.0788	1.28922	-0.44516	0.152151	0.285993	1.99499	-0.34517
Ind463	18	S	0	7.25124	10.4357	13.0547	32.4846	1.67253	-0.191369	1.48359	-0.425269	0.862989	0.0365605
Ind464	19	E	1	no	4.79455	10.3638	13.3032	0.41059	0.648417	0.437366	0.232719	-0.62582	0.912526
Ind465	19	E	1	no	9.72944	12.0481	42.544	0.652383	-0.546182	-0.0686549	-1.41205	-0.924489	0.506359
Ind466	19	E	1	no	0.828754	2.07276	10.7584	0.796354	0.119069	0.368539	0.537456	-0.66894	0.822587
Ind467	19	E	1	no	0.612596	0.618286	3.63953	-0.389095	1.46838	-0.602095	2.46639	-0.918096	-0.0520528
Ind468	19	E	1	no	0.2429	0.516565	2.91882	0.828758	0.148892	-1.00402	0.767871	-1.15323	0.138526
Ind469	19	S	0	4.02001	4.33185	4.98023	5.6233	0.0680198	-0.313876	0.707196	0.956917	-0.841579	-0.753161
Ind470	19	S	0	10.0201	12.9818	16.3336	22.4246	0.578689	2.14062	0.114556	0.129701	-1.16483	0.716775
Ind471	19	S	0	1.49426	6.21293	11.8538	22.3365	0.668418	-0.39511	1.3096	0.0600748	-0.360778	0.299899
Ind472	19	S	0	0.37552	0.600074	0.634436	2.85205	0.676345	1.31492	0.81634	0.645756	-1.00814	-1.40708
Ind473	19	S	0	2.59564	5.12203	10.269	12.2111	2.13161	-0.335062	1.57556	-0.0978874	-0.614616	0.407186
Ind474	19	S	0	2.06424	3.44122	4.83792	11.6058	0.927555	0.0253248	3.09548	-1.14518	0.106953	-0.34458
Ind475	19	S	0	7.16301	10.507	32.684	116.654	-1.68074	-1.44368	1.00786	-0.283085	0.141212	0.652246
Ind476	19	S	0	1.33662	1.99059	2.82973	6.13708	0.392752	-0.0942991	2.55968	0.140506	-0.368519	-1.30071
Ind477	19	S	0	0.814011	8.86526	11.1955	30.1571	-2.01859	-0.756946	1.71348	0.485935	0.433085	0.389892
Ind478	19	S	0	1.86694	1.90441	6.08446	6.78509	0.250294	-1.0779	1.97219	0.107785	0.388809	-0.592057
Ind479	19	S	0	4.13079	10.5106	10.693	11.4622	2.4691	-0.216893	1.00066	-0.240921	0.876372	-0.368904
Ind480	19	S	0	5.30905	6.2465	6.86663	8.70836	0.661699	1.01815	0.0149215	0.580013	0.400415	-2.06991
Ind481	19	S	0	14.9095	15.0876	16.1618	16.8516	-0.20611	0.865339	-0.937129	-0.936058	-0.182294	-1.93973
Ind482	19	S	0	no	no	no	no	-0.0673463	0.461479	-2.23674	0.419796	1.18334	-0.242246
Ind483	19	S	0	0.746295	3.82926	6.44682	11.5205	1.70886	-0.718695	0.143457	-0.180053	0.375339	0.0837349
Ind484	19	S	0	8.71382	8.76026	9.21927	9.56768	-1.48337	2.56739	-2.43116	1.04704	-1.16581	-1.46561
Ind485	19	S	0	4.88116	5.98187	6.9866	23.9296	0.21574	1.02385	-0.221264	1.0376	-0.0512755	0.100043
Ind486	19	S	0	2.35903	5.54355	8.60864	12.2629	-0.206858	-0.291457	0.169676	1.15608	0.168941	-0.737934
Ind487	19	S	0	no	no	no	no	-0.534088	2.10099	-2.12894	-1.18117	0.396252	-1.30454
Ind488	19	S	0	6.76578	7.94633	8.02822	8.17701	-0.566034	0.399375	-0.536591	0.198271	-0.737687	-0.745029
Ind489	20	E	1	no	10.2099	16.7309	24.3862	1.40579	-1.27267	0.295355	-0.830705	-0.865	1.78928
Ind490	20	E	1	no	3.59699	3.68001	4.92908	0.660472	-1.13895	0.495502	0.242767	-0.295081	-0.00473121
Ind491	20	E	1	no	1.0119	1.36141	14.0542	1.99522	-0.447997	-0.784912	0.337213	-1.21116	0.816135
Ind492	20	E	1	no	1.25013	1.95766	4.51021	1.22834	-1.14804	0.347033	0.472062	-0.407529	-0.204988
Ind493	20	E	1	no	3.42233	7.32322	13.4163	1.59957	-0.574706	0.542531	0.589045	-0.885573	1.52554
Ind494	20	S	0	1.08615	1.31021	2.77026	2.82193	0.184943	-0.194647	1.23237	1.42581	-0.711189	0.0873061
Ind495	20	S	0	3.1302	8.74665	9.26585	34.8221	0.916844	0.166156	0.807529	-0.333562	-0.43735	1.04567
Ind496	20	S	0	2.29553	2.46053	3.5916	22.0416	-0.858023	2.37694	1.43288	0.889446	-0.0780099	-0.835597
Ind497	20	S	0	2.82807	2.84257	3.46371	22.5893	-1.7326	0.8596	-0.519747	0.00736666	0.788963	-0.496242
Ind498	20	S	0	6.31237	15.6623	17.3705	79.5678	0.0765567	-2.50999	-0.248412	-0.510298	-0.288768	2.02195
Ind499	20	S	0	6.82455	23.2952	23.7116	35.966	-2.25586	0.843243	0.43792	-1.00092	0.184298	0.0949468
Ind500	20	S	0	no	no	no	no	-1.99556	-1.964	-1.24579	-1.2059	-0.0872645	1.01362
Ind501	20	S	0	4.48298	20.2657	25.1393	33.9663	-1.25526	0.149879	0.0396072	0.548432	0.00309213	0.739363
Ind502	20	S	0	97.3506	104.361	106.565	106.844	-3.20246	0.39926	-0.86001	-0.492694	0.809213	-0.459
Ind503	20	S	0	8.66485	9.32538	37.6073	62.2017	-3.73139	-0.954501	-0.981842	-0.0792047	0.18882	1.12476
Ind504	20	S	0	3.24355	16.3551	44.3633	46.4253	2.33517	-0.757536	2.09939	-1.47416	0.822837	-0.150954
Ind505	20	S	0	5.3931	5.66763	7.17939	7.1801	0.232049	-0.414808	0.419092	-0.17018	0.320661	-1.77275
Ind506	20	S	0	4.47496	23.9937	29.8906	87.1812	0.636828	-0.318211	0.595808	-0.101924	1.2309	-0.358048
Ind507	20	S	0	2.90851	6.49394	12.5625	13.4265	-0.447103	0.188628	0.586713	0.319611	0.428671	-0.358426
Ind508	20	S	0	2.15692	47.2889	50.2164	117.151	0.665969	1.68752	0.712247	0.868938	0.315837	0.972548
Ind509	20	S	0	12.6448	15.6206	15.7565	17.859	2.22848	-0.217681	-0.0172973	0.0531438	0.204019	-0.881114
Ind510	20	S	0	1.50749	2.05842	3.70467	3.76258	1.11286	0.37473	1.41659	0.963524	0.428704	-2.82916
Ind511	20	S	0	6.10218	7.2166	41.556	83.2492	0.0902318	-2.46262	-0.331888	-0.307906	-0.695966	2.19563
Ind512	20	S	0	2.90739	2.92465	5.06514	5.85775	1.47398	-0.62319	0.971357	-0.354232	-1.07164	-0.761635
Ind513	20	S	0	3.78114	22.6717	37.6975	130.798	0.0765411	-1.56597	0.0886072	-0.954911	-0.112145	1.72547
Ind514	21	E	1	no	4.00157	5.10984	5.95977	1.75286	-0.0798381	0.885667	-0.272526	-0.878708	0.340221
Ind515	21	E	1	no	9.67062	17.3323	26.8083	1.25379	0.259298	0.029073	-0.556464	-0.440993	1.53696
Ind516	21	E	1	no	3.18652	4.65888	11.2543	-0.162326	0.718293	-0.00481592	-0.83397	-0.662797	0.79622
Ind517	21	E	1	no	0.216199	0.404664	10.2616	1.63854	1.22795	0.413005	0.714899	-0.448936	-0.746793
Ind518	21	E	1	no	0.721246	8.60459	15.5471	1.96003	1.17357	-0.0994499	-0.0257328	-0.865273	0.68878
Ind519	21	S	0	5.62288	15.6709	24.5885	33.4043	-0.141544	0.944754	-1.01436	-0.634246	-0.651789	0.984794
Ind520	21	S	0	0.724078	0.79013	1.1051	1.84088	0.275612	0.476136	0.569717	0.545804	-1.37486	-0.361997
Ind521	21	S	0	0.744541	1.64347	2.23399	2.36681	-0.441161	1.06654	0.517976	0.643522	-0.251823	-1.54238
Ind522	21	S	0	0.406975	0.601746	0.605627	0.871641	0.16773	1.43073	0.17373	0.530795	-0.862378	-1.74488
Ind523	21	S	0	3.96934	4.35645	6.12253	6.70962	-1.22692	0.113474	-1.3913	0.0914228	-0.194201	0.323808
Ind524	21	S	0	1.5935	7.00054	21.7361	22.5945	-0.453104	-0.75658	2.07793	-0.274818	0.827223	0.636267
Ind525	21	S	0	0.848786	6.8523	7.00153	22.1252	1.24509	-0.398661	2.13036	0.650786	0.295348	0.446013
Ind526	21	S	0	2.68013	4.13451	30.094	40.9557	-0.357377	0.443285	1.21397	-0.459755	0.335499	0.835117
Ind527	21	S	0	1.38001	10.1625	130.356	296.788	0.471123	-1.50517	1.5882	-0.0301154	1.15385	1.50395
Ind528	21	S	0	1.86643	2.35827	4.92668	9.17327	0.169223	-0.928571	1.41028	-0.0196937	0.137079	-0.274291
Ind529	21	S	0	0.363643	11.0063	17.0551	20.8978	-0.138591	0.963758	1.07346	1.32833	-0.197476	0.403972
Ind530	21	S	0	1.01829	14.8623	42.1192	70.9822	-1.18153	-1.01995	1.62039	0.0801865	0.765435	0.634466
Ind531	21	S	0	0.905986	29.8551	50.7741	97.2024	-1.67076	-1.86893	0.0195066	-1.67507	1.28564	1.00498
Ind532	21	S	0	1.71884	2.55251	3.80256	8.45027	-0.427851	0.0692857	1.61475	-0.980769	0.136895	-0.751477
Ind533	21	S	0	3.37829	6.50019	22.6082	26.2139	-0.920908	-1.11508	0.700962	-1.08635	0.288972	0.990411
Ind534	21	S	0	2.32172	3.69556	4.38005	9.32465	-0.895011	1.07206	-1.27437	0.517011	-0.72493	-0.249625
Ind535	21	S	0	2.32817	2.74543	3.60822	6.81792	0.745871	1.98382	0.414369	0.554159	-1.23755	0.216696
Ind536	21	S	0	no	no	no	no	-0.72003	0.616699	-0.35616	-1.43846	-1.42189	-1.98852
Ind537	21	S	0	8.23271	8.37177	9.14239	9.2389	0.904694	-1.449	-1.46556	0.203798	-1.69028	0.74437
Ind538	21	S	0	3.45029	9.81892	11.344	11.856	0.177031	-0.491421	-0.799123	-1.14613	-1.07273	-0.497028
Ind539	22	E	1	no	4.54693	6.53113	9.19147	0.221031	0.157096	0.326967	0.119087	0.115904	-0.343167
Ind540	22	E	1	no	4.35932	8.51193	23.2647	0.0933429	-0.854913	0.132526	-0.761177	-0.392991	0.717741
Ind541	22	E	1	no	0.485741	0.752711	3.00692	0.767632	-1.06382	0.422492	0.458023	-0.402167	-1.2202
Ind542	22	E	1	no	0.333707	0.65397	1.60445	1.41065	-0.20315	0.757303	0.194591	-0.27487	-2.15296
Ind543	22	E	1	no	0.191854	0.200754	0.564921	1.78681	1.42255	0.0206901	0.776151	-0.804933	-1.49083
Ind544	22	S	0	96.7632	116.477	122.871	122.898	-0.156132	-0.607342	1.16289	-0.987764	0.675345	0.187127
Ind545	22	S	0	8.71671	11.5194	13.8698	42.2175	-2.05449	0.142023	-0.0544058	0.120409	0.257134	0.344528
Ind546	22	S	0	5.09252	7.20521	9.9399	13.2639	-0.184812	2.50963	0.74082	0.871557	-0.851214	-0.0399292
Ind547	22	S	0	9.60848	14.1955	18.6384	25.3965	-0.0898366	-0.964548	-0.585076	0.564949	-0.457548	0.588874
Ind548	22	S	0	no	no	no	no	1.21435	-0.590192	-1.12482	-1.18997	-1.09343	1.00722
Ind549	22	S	0	37.2182	38.6198	40.3824	42.7819	2.14687	-0.947381	1.1249	-0.78431	0.125073	-0.824116
Ind550	22	S	0	0.307026	5.72236	17.9959	23.6289	-0.145035	-0.389251	0.68301	1.70985	0.459208	1.16577
Ind551	22	S	0	18.7449	94.3627	115.138	115.397	1.88301	-0.593029	2.03574	-0.347822	0.71164	1.55151
Ind552	22	S	0	52.8967	53.2976	58.1276	59.7214	-0.330689	-0.285235	0.111882	-0.941493	0.185187	-1.36627
Ind553	22	S	0	1.58009	37.9328	52.0272	99.1791	0.307165	-0.799301	1.19914	-0.657527	1.02292	1.70222
Ind554	22	S	0	no	no	no	no	0.018122	0.21732	-0.223062	-1.70246	0.145293	-0.336684
Ind555	22	S	0	1.33238	6.09429	9.35257	11.4027	-1.14976	1.00579	-1.3371	0.475115	-0.214027	0.18715
Ind556	22	S	0	24.9398	31.8234	34.2725	41.2211	-0.192087	0.9091	0.0125655	1.35945	-0.117657	-0.529545
Ind557	22	S	0	82.5328	86.999	119.485	129.318	0.970871	-0.311755	-0.0951776	0.827901	-0.0959289	0.994879
Ind558	22	S	0	8.57061	8.91846	8.9487	10.1537	1.16518	0.0613519	-0.456477	0.51909	-0.549826	-1.16674
Ind559	22	S	0	no	no	no	no	-1.2261	1.98643	0.0291434	-1.01568	1.54683	-0.700418
Ind560	22	S	0	no	no	no	no	-1.35026	-1.88042	-1.23175	-1.64143	0.928128	0.477961
Ind561	22	S	0	88.5053	89.0247	94.1687	101.625	-0.646122	1.36001	-0.430295	-0.0339587	0.814889	-0.766412
Ind562	22	S	0	11.5264	12.2748	23.2838	28.2089	-0.445881	0.247141	0.330511	-0.11057	0.582094	-0.183625
Ind563	22	S	0	42.6448	44.7994	46.6367	52.8065	-1.18271	-0.380878	-0.0193559	0.0966869	1.69105	-1.71663
Ind564	23	E	1	no	1.04492	1.30304	1.47047	0.543257	0.418923	1.35122	0.406099	-0.577162	-0.949295
Ind565	23	E	1	no	0.0508515	2.16028	2.88425	1.67503	0.0483727	-0.639816	-0.679125	-1.08247	-0.0631493
Ind566	23	E	1	no	1.28256	2.54574	3.00253	1.91524	-0.517779	0.085651	0.300946	-0.453982	-1.25457
Ind567	23	E	1	no	0.180968	1.57248	1.59334	0.68168	1.07065	1.31102	0.293489	-0.324482	-0.613258
Ind568	23	E	1	no	0.831095	1.46901	8.27562	2.4526	-1.20273	0.663071	-0.299908	-0.624301	0.0439549
Ind569	23	S	0	no	no	no	no	-2.21641	-0.55292	-2.86597	-0.131962	0.598253	-0.0106032
Ind570	23	S	0	no	no	no	no	0.254968	-1.0776	-2.64811	-0.810291	0.626397	1.37576
Ind571	23	S	0	no	no	no	no	0.596384	0.56953	-0.868669	-1.04667	-0.00784277	-0.0705074
Ind572	23	S	0	26.0538	26.1556	26.2154	26.5283	1.36015	0.512733	-0.642686	-0.210114	-0.50025	-2.82076
Ind573	23	S	0	no	no	no	no	-0.823068	-1.15954	-1.91409	0.379618	0.188335	0.737648
Ind574	23	S	0	0.529856	4.42579	7.57702	10.986	2.73642	-0.64064	1.41265	-0.369779	-0.822083	0.827393
Ind575	23	S	0	1.10171	3.03007	10.7285	30.5507	-0.593367	-0.179605	1.2997	-0.0649785	-0.237824	0.567884
Ind576	23	S	0	1.51703	1.81524	1.90237	1.98349	0.474155	-0.858647	1.30335	-0.591046	-0.716226	-0.747166
Ind577	23	S	0	no	no	no	no	1.80236	-0.556109	-0.04294	-0.501432	-1.61308	-0.262212
Ind578	23	S	0	2.57299	3.35508	4.18953	4.81967	0.0608307	1.86367	-0.239985	1.12232	-0.833959	-0.534773
Ind579	23	S	0	no	no	no	no	-0.210517	-0.352677	1.54338	-1.72005	0.658056	0.0847181
Ind580	23	S	0	6.79263	42.9162	60.3509	64.7688	-1.68084	1.08588	1.13732	-0.844466	1.07001	0.475019
Ind581	23	S	0	0.560306	1.72819	6.07346	27.4719	-0.542405	0.427626	1.69352	0.580219	1.12994	-0.421308
Ind582	23	S	0	0.753451	3.25783	5.82972	8.11112	-1.61951	-0.927371	2.05598	0.309285	1.27438	-0.797334
Ind583	23	S	0	no	no	no	no	-0.752235	-0.469455	-0.0487304	-0.249939	-0.31303	2.00058
Ind584	23	S	0	no	no	no	no	0.130609	-0.883413	0.51061	-0.798508	-0.826266	-0.150313
Ind585	23	S	0	0.3425	0.725388	0.831888	1.80692	-0.588847	1.35828	0.327533	1.06062	-0.820149	-1.47137
Ind586	23	S	0	0.682518	3.63285	4.76032	11.8422	-0.3062	1.46294	0.996362	0.945679	-0.267797	0.60792
Ind587	23	S	0	0.980325	1.06168	2.19463	7.39151	-0.799955	-0.265189	0.584564	1.57346	-0.917528	-0.216656
Ind588	23	S	0	0.187801	0.78359	6.28294	8.59286	0.41861	0.0493349	1.9797	0.586145	-0.0501784	0.371696
Ind589	24	E	1	no	0.911978	1.7002	14.5292	0.679539	-1.62959	0.194309	0.246946	-0.936996	0.445934
Ind590	24	E	1	no	0.0702102	0.127562	4.22164	1.95941	-0.223265	0.185127	0.313497	-0.94067	-0.542117
Ind591	24	E	1	no	3.44996	5.2505	6.36262	-0.60727	-0.286175	-0.218925	1.04231	-0.606087	-0.0822393
Ind592	24	E	1	no	0.0868919	0.276036	1.59319	1.85464	-0.349191	-0.0374588	0.862889	-1.90567	0.370808
Ind593	24	E	1	no	3.40025	5.85024	17.6664	0.564251	-0.0109457	-0.529418	-0.613648	-0.205697	-0.080525
Ind594	24	S	0	2.73896	4.06927	10.917	12.9129	2.11155	0.0142802	2.49529	-1.22738	0.274819	-0.248831
Ind595	24	S	0	1.07058	10.5002	20.6051	45.5465	-0.209557	-0.58811	1.3791	-0.290466	0.147543	0.824101
Ind596	24	S	0	5.01211	19.4606	87.3435	293.863	-0.587248	-0.121765	1.83409	-1.08356	0.115021	2.59925
Ind597	24	S	0	1.61152	2.53728	3.06417	9.39622	-0.380091	2.15042	1.8154	-0.0582905	0.433432	-0.571284
Ind598	24	S	0	0.835236	1.416	1.54652	1.80403	-0.136358	0.462215	-0.625969	0.679248	-0.0794379	-1.52233
Ind599	24	S	0	17.6313	17.6446	17.7831	18.6669	0.218494	0.991105	0.0288544	-0.502775	-0.174429	-0.612424
Ind600	24	S	0	73.907	87.6083	91.9518	254.124	-0.0767439	-2.7587	-1.4869	-0.460976	0.231168	1.29837
Ind601	24	S	0	no	no	no	no	0.286929	-0.351454	-0.391943	-1.40983	0.391376	-0.597532
Ind602	24	S	0	4.40551	5.67567	6.49249	8.54271	0.178765	0.117897	-0.0694161	0.0595009	0.0210845	-0.554206
Ind603	24	S	0	no	no	no	no	-0.0739109	0.338056	-2.48676	-0.621988	-0.593187	-1.08215
Ind604	24	S	0	0.653557	2.24656	2.54141	2.9544	0.361239	0.216467	0.238571	0.700573	-0.730634	-0.936165
Ind605	24	S	0	0.803967	1.68961	5.64802	6.3792	0.468427	-0.574837	1.21991	-0.0595394	-0.186323	-0.306002
Ind606	24	S	0	no	no	no	no	-0.299857	0.0056167	-0.258411	-2.00102	-0.342114	-0.812555
Ind607	24	S	0	5.35382	5.46887	5.58474	8.70042	0.325111	-0.345787	-0.474193	0.775507	-1.43221	0.527347
Ind608	24	S	0	142.66	143.857	144.206	146.328	-0.403693	0.595065	-1.04952	-1.51845	-0.801252	-0.0214005
Ind609	24	S	0	6.20468	70.449	97.61	416.348	1.52161	-1.8597	0.0992948	-1.25693	0.0905827	2.63232
Ind610	24	S	0	no	no	no	no	0.336986	0.726926	-2.13319	0.656896	0.159444	-0.267793
Ind611	24	S	0	73.0717	76.2258	77.2522	98.131	1.39927	0.23416	-0.329587	-0.047912	0.220206	-0.306049
Ind612	24	S	0	no	no	no	no	-0.998076	0.106845	-1.63856	-0.121108	0.889712	0.62488
Ind613	24	S	0	no	no	no	no	-0.231908	1.1124	-2.35661	-0.965454	0.468957	0.438142
Ind614	25	E	1	no	2.78252	6.34184	12.2899	2.01216	0.544173	0.59842	0.248489	-1.1542	0.511138
Ind615	25	E	1	no	3.85385	9.48131	15.9909	0.259388	-0.492107	0.331798	-0.15496	-0.662662	0.839484
Ind616	25	E	1	no	0.94854	1.64222	3.25831	1.47229	1.17171	1.58017	0.881412	-0.166792	-0.388125
Ind617	25	E	1	no	1.80255	1.91415	3.56771	1.26377	0.961222	-0.0194551	-0.920875	-0.803959	-0.791625
Ind618	25	E	1	no	3.40383	6.05023	8.82379	1.46755	0.681613	0.955108	1.15218	-0.0496805	0.834134
Ind619	25	S	0	4.0471	7.42965	7.97561	13.5416	2.71209	-1.02515	1.08966	0.277775	-0.693639	0.613075
Ind620	25	S	0	4.1099	4.13751	5.69321	5.70326	0.566979	-0.263307	0.958255	-1.65244	-1.0716	-1.3996
Ind621	25	S	0	8.57768	9.78066	11.6995	13.3247	1.16974	0.343289	-0.0680875	0.104438	-0.88007	0.0191396
Ind622	25	S	0	5.63187	6.82137	9.29841	20.3957	1.20902	-0.764604	1.2833	-0.907175	-0.495406	0.035143
Ind623	25	S	0	78.535	79.5875	81.5832	81.6186	-0.842801	0.0265836	-0.983801	-0.616904	-0.594059	-0.445209
Ind624	25	S	0	4.71326	18.1383	43.3703	152.628	0.858834	-0.44036	0.495274	-1.17669	0.615039	0.281958
Ind625	25	S	0	1.66236	8.31901	9.21146	111.448	0.459341	-0.250097	0.639552	-0.045106	0.877747	0.3096
Ind626	25	S	0	2.92482	68.884	188.488	227.49	0.374061	-0.688013	0.161745	-0.56727	0.718093	1.04195
Ind627	25	S	0	1.04384	51.463	96.4003	107.98	1.64264	0.820803	0.272907	0.596099	0.837737	0.499518
Ind628	25	S	0	0.996361	2.40854	53.2726	94.4359	-0.414015	0.325044	0.0391668	-0.0271298	1.18976	0.885479
Ind629	25	S	0	4.05002	149.709	182.091	473.612	-0.463927	0.17754	-0.391844	0.104906	1.04319	2.36035
Ind630	25	S	0	6.41946	23.6264	48.988	51.0604	-1.51096	0.32868	-0.551604	-0.382691	1.05664	-0.25988
Ind631	25	S	0	1.87522	19.7057	22.8745	125.561	0.60582	-0.484741	0.895078	0.957809	1.84207	0.156722
Ind632	25	S	0	1.8721	2.81767	7.74934	9.75062	0.249248	0.549652	1.86014	-0.642953	1.13883	-0.49469
Ind633	25	S	0	2.23382	3.01895	4.87898	12.3393	-0.886739	0.994018	-0.540287	-0.376046	1.1805	-1.83495
Ind634	25	S	0	8.66863	9.41132	11.6324	13.4486	1.25129	0.723016	-0.552782	0.10478	-0.931149	0.151011
Ind635	25	S	0	1.64585	2.31554	5.47837	9.03847	1.1455	1.10574	-0.430094	1.0529	-0.733711	-0.332837
Ind636	25	S	0	2.21964	3.66521	5.61998	7.8208	-0.120792	0.0905102	-0.0752998	1.84799	-0.823832	-0.301532
Ind637	25	S	0	2.1687	2.4412	2.47825	3.89666	1.32333	-0.471188	-1.87894	0.194115	-1.43415	-1.09176
Ind638	25	S	0	5.02273	7.40084	8.56707	9.99969	1.78687	0.352572	0.516385	-0.223356	-0.658373	0.616785
Ind639	26	E	1	no	0.608326	4.74997	5.97481	1.00127	-0.82901	0.264647	1.0486	-1.18093	1.03493
Ind640	26	E	1	no	0.983519	1.50889	2.09732	-1.19235	-1.39018	-0.763818	-1.00044	-0.831544	-0.708297
Ind641	26	E	1	no	0.718301	1.92545	2.08478	2.79451	-0.96456	1.90096	-1.12281	-1.10615	0.333113
Ind642	26	E	1	no	0.428673	1.52736	8.36997	0.699347	0.845916	0.387998	-0.459333	-1.42611	0.485677
Ind643	26	E	1	no	0.412535	1.24948	1.39025	0.123505	1.31605	-1.20833	-0.694311	-0.967622	-1.15131
Ind644	26	S	0	7.45052	8.32666	9.42812	12.3714	-2.07523	-0.33142	-1.22288	0.254306	-0.0728388	-1.29808
Ind645	26	S	0	1.86212	1.96454	2.55154	2.6498	-2.32817	-0.364377	-0.989546	-0.580069	-0.734773	-1.23019
Ind646	26	S	0	11.1194	15.9319	24.0987	36.0189	-0.716872	-0.538816	-0.160577	-0.907111	0.844993	0.525699
Ind647	26	S	0	no	no	no	no	-1.68651	0.823911	-1.7333	-0.829879	-0.0124943	0.0710358
Ind648	26	S	0	2.93437	7.87549	16.0309	18.3706	-1.81109	1.33944	-0.707759	-0.140271	0.0183477	0.32048
Ind649	26	S	0	1.7924	4.32536	14.2014	30.9555	-0.0898424	0.489071	-0.895002	0.794724	-0.723162	1.10346
Ind650	26	S	0	no	no	no	no	1.50397	-1.55179	-0.628912	-0.574625	-1.04263	-1.93061
Ind651	26	S	0	24.625	25.1382	25.6182	32.4439	-0.266454	1.55164	-1.23483	0.647525	-0.401847	-0.271618
Ind652	26	S	0	no	no	no	no	0.326602	0.251283	-1.36566	-0.0595149	-0.608104	1.06283
Ind653	26	S	0	3.53047	6.81968	17.4811	24.6299	-0.288222	-1.8857	-0.691256	0.186027	-0.471708	0.537278
Ind654	26	S	0	12.7767	13.4204	17.4822	17.8456	0.232833	-0.707977	1.30661	-1.13464	-1.198	0.365247
Ind655	26	S	0	5.98672	7.19513	23.8413	24.3108	1.5994	0.186851	1.69519	-0.879144	0.232751	0.0765638
Ind656	26	S	0	5.13814	5.2876	7.39789	8.29457	1.40039	0.0315432	0.400132	0.194069	-1.02601	-0.112858
Ind657	26	S	0	1.37311	2.58743	11.0047	13.0177	0.941649	-0.859751	0.959895	1.64463	-0.777855	0.0735696
Ind658	26	S	0	0.72935	68.826	94.7311	110.833	-0.0953604	0.222921	0.0346296	0.756069	-0.106383	1.92557
Ind659	26	S	0	3.06634	3.83601	4.50646	9.58571	-0.663207	-0.646746	0.293285	-0.137291	-0.036942	-0.913514
Ind660	26	S	0	1.10141	1.50721	4.34442	4.64716	-1.44972	-0.720102	-0.35836	1.63927	-0.803778	0.283335
Ind661	26	S	0	5.6426	11.1507	20.6914	29.3136	-1.47159	1.20061	-0.249208	0.972226	-0.115951	1.45761
Ind662	26	S	0	no	no	no	no	-2.12357	-1.10531	-1.43679	0.626689	0.399801	1.19765
Ind663	26	S	0	27.6667	34.1572	42.5156	45.9136	-0.887426	-0.867355	-0.93068	1.02302	-0.868031	0.593128
Ind664	27	E	1	no	1.36731	1.69886	2.32818	1.3137	-1.1183	-0.128471	-0.500066	-0.613049	-0.264489
Ind665	27	E	1	no	0.361949	0.51961	0.584429	0.041515	1.1948	-0.284015	0.444757	-0.914095	-0.878876
Ind666	27	E	1	no	9.49401	16.0915	60.4939	0.543675	0.102706	-0.0612592	-0.162658	0.265988	0.390243
Ind667	27	E	1	no	0.110999	2.02576	6.25934	0.609632	-0.148797	1.58084	-0.267534	-0.100695	-1.24627
Ind668	27	E	1	no	0.11471	2.05347	34.1833	0.723932	-0.357997	0.16859	-0.0670761	-0.537607	0.631691
Ind669	27	S	0	9.0148	19.9094	34.7348	76.4052	0.318504	-1.39847	1.21983	0.0838172	0.897884	1.49392
Ind670	27	S	0	8.55735	90.9278	97.4788	109.828	-0.644612	0.248465	1.26095	-0.927682	0.714101	1.49788
Ind671	27	S	0	12.1208	19.5261	52.9622	60.1381	-0.622413	0.0553003	1.183	-0.0130956	0.470253	0.210238
Ind672	27	S	0	2.03818	11.174	15.1782	33.9243	-1.52323	-0.755731	0.679357	-0.309315	0.827713	0.182897
Ind673	27	S	0	5.81937	33.0413	38.1229	46.411	-0.869238	-0.583867	1.09189	0.668868	0.852588	0.707255
Ind674	27	S	0	2.50317	25.7468	25.9092	38.4171	-2.46701	-1.34369	0.401969	0.617142	1.74651	-1.44295
Ind675	27	S	0	100.109	118.485	122.469	130.945	-2.23032	-1.35776	-0.25507	-0.129018	0.41296	0.939301
Ind676	27	S	0	13.6429	61.369	155.857	215.555	0.35482	0.151147	2.24556	-1.38706	1.28965	1.16114
Ind677	27	S	0	40.2731	49.6113	64.4095	148.217	1.22411	-1.29099	0.842906	-0.840986	0.391076	1.02023
Ind678	27	S	0	9.50735	13.283	21.4687	22.7202	1.56831	-0.826867	1.63075	-0.475072	0.181574	-0.354512
Ind679	27	S	0	11.1639	12.1937	12.5545	14.6644	1.91439	0.265454	0.784847	0.362288	-0.79909	-0.22011
Ind680	27	S	0	5.48465	8.18483	8.31117	8.50172	0.131378	0.240146	0.982395	0.74406	-0.425382	-0.485741
Ind681	27	S	0	3.4563	5.46507	11.1858	18.7952	1.19516	-0.213386	1.42187	-0.0592285	-0.621439	0.366996
Ind682	27	S	0	10.9052	14.8112	16.9244	18.4415	0.643305	-0.315691	0.927595	-0.218512	0.516083	0.0468594
Ind683	27	S	0	14.6631	14.7854	21.0214	31.0541	0.978736	0.0412488	-0.195847	0.0217384	-1.05172	0.508092
Ind684	27	S	0	0.557112	11.9885	12.2303	13.9173	1.04787	-0.528376	2.8822	0.521262	1.30557	0.325768
Ind685	27	S	0	8.02847	17.8029	26.0638	42.9327	-0.693528	1.23428	1.30044	-0.26052	1.24584	-0.17848
Ind686	27	S	0	17.883	26.3065	27.8925	30.6118	-0.293221	0.0586828	0.308368	-0.941669	0.967013	-0.874417
Ind687	27	S	0	3.92267	7.92192	16.046	17.5292	1.195	-0.137088	1.13497	0.218501	0.383227	-0.226753
Ind688	27	S	0	11.2809	11.3313	20.9795	33.5002	1.02926	-0.855993	0.449573	-0.282186	0.974829	-1.05198
Ind689	28	E	1	no	0.0169635	0.0791218	0.451216	1.15332	0.135777	0.348768	0.436595	-2.11867	-1.43825
Ind690	28	E	1	no	0.282707	0.605006	0.663245	-0.760296	0.264046	0.725808	-0.432391	-0.272057	-2.48431
Ind691	28	E	1	no	1.64942	1.96722	3.56409	0.732069	0.686224	1.02053	0.276178	-0.683215	-0.276601
Ind692	28	E	1	no	0.112829	0.407799	1.64226	0.38337	-0.156503	0.787533	0.475844	-0.519295	-1.06702
Ind693	28	E	1	no	0.73303	1.32108	4.22781	0.308918	-0.802994	0.7282	-0.201524	-1.44519	-0.243649
Ind694	28	S	0	7.38262	7.94961	9.81536	10.8747	2.56091	0.468973	1.27272	0.973055	-1.3272	0.332578
Ind695	28	S	0	5.25665	6.19169	6.62085	68.9146	1.00293	-1.71591	1.75935	-0.975891	-0.4593	1.20212
Ind696	28	S	0	6.11602	7.78769	14.1019	20.0734	1.13881	-0.189197	0.62393	0.665315	-0.798585	0.260155
Ind697	28	S	0	4.66384	4.89321	6.57916	6.66953	-0.30626	1.92053	1.40754	-0.441007	-0.646419	-1.46985
Ind698	28	S	0	0.592648	1.55842	10.5221	15.6924	1.0591	0.605638	0.769291	1.20101	-0.278959	0.0221614
Ind699	28	S	0	59.7794	65.3666	78.4952	83.9874	-0.646755	-0.196644	0.882199	-1.37552	-0.24191	1.60168
Ind700	28	S	0	1.85687	3.39099	3.89908	11.6322	0.874803	0.0140045	2.28795	1.45784	-0.0489131	-0.691093
Ind701	28	S	0	2.00314	4.08618	10.817	14.4621	-0.265149	1.2436	1.09147	-0.488976	0.842879	-1.67407
Ind702	28	S	0	2.22216	3.13852	4.00927	5.05381	-0.336515	1.49491	1.74701	0.272055	0.0800298	-0.858346
Ind703	28	S	0	3.46032	5.74919	13.5409	13.993	0.300644	-0.156304	1.44915	0.764663	-0.137302	0.301216
Ind704	28	S	0	1.75036	1.91717	1.9307	1.98828	1.89216	-0.518194	1.17728	-0.155429	-0.614804	-1.59496
Ind705	28	S	0	9.94384	11.2574	12.5098	26.5594	1.88587	-0.989791	0.380884	-1.00503	-0.0769878	-0.797924
Ind706	28	S	0	6.6499	7.77386	9.00514	26.3924	0.0543887	-0.217865	-0.357243	-0.970288	-0.181667	0.585972
Ind707	28	S	0	0.527303	243.292	339.963	442.277	1.45056	-0.857607	1.41691	1.01092	0.971022	2.35191
Ind708	28	S	0	3.03052	6.44248	23.4205	72.2247	1.27069	-0.413826	-0.148601	-0.924281	0.316593	0.821958
Ind709	28	S	0	41.3706	41.5436	42.0857	61.3438	0.610733	0.742002	-0.943376	-0.631625	-0.364318	-0.0831013
Ind710	28	S	0	1.95107	5.18753	13.2691	56.61	-0.422922	1.51407	-0.295831	1.25857	0.393664	0.388995
Ind711	28	S	0	7.46689	10.9061	13.5857	45.4363	-1.88477	0.433894	-2.14037	0.649397	0.278166	-0.366723
Ind712	28	S	0	no	no	no	no	0.328621	0.936098	-1.53012	-0.274108	-0.607609	0.4523
Ind713	28	S	0	6.51432	6.56607	7.40265	9.48022	0.915634	1.81383	-0.451122	0.533554	-0.0787658	-1.62252
Ind714	29	E	1	no	0.477949	1.60274	4.19236	2.06158	0.363886	-0.0524485	-0.164935	-1.42563	-0.231632
Ind715	29	E	1	no	0.860659	1.19262	2.26157	0.34607	0.578664	1.32842	0.596294	-0.74168	0.886163
Ind716	29	E	1	no	0.0813739	1.10079	3.07014	0.860348	1.31298	0.705958	1.15562	-1.35092	-0.430144
Ind717	29	E	1	no	0.0389974	0.601512	0.74712	-0.700014	-0.660081	0.835236	-1.09087	-0.760684	0.364388
Ind718	29	E	1	no	1.24504	1.38158	2.03633	-0.910037	-1.1174	0.167532	0.503358	-0.553508	0.0556921
Ind719	29	S	0	2.31029	15.4745	20.5268	25.7725	1.18189	0.26584	1.20263	-0.697764	0.263709	0.809532
Ind720	29	S	0	1.42573	2.70065	4.01892	8.94379	0.810737	-2.12183	0.590888	-0.0958748	-0.989505	0.249693
Ind721	29	S	0	1.76394	7.39641	14.2382	25.6207	-0.869758	-0.0641742	1.07144	0.178479	0.109726	0.379219
Ind722	29	S	0	0.586477	6.79349	8.78245	37.3562	0.871274	0.86384	0.365178	-0.322794	-0.253294	0.830186
Ind723	29	S	0	2.25089	2.53317	6.76708	8.33532	-0.232399	-0.43251	0.497019	-1.18057	-0.439184	0.621994
Ind724	29	S	0	2.15351	2.93273	19.7189	20.7649	-1.66441	0.0755399	-1.00851	0.139082	-0.294735	0.615231
Ind725	29	S	0	1.36748	4.67137	8.2845	12.2749	-1.27988	0.945295	-0.894879	0.192606	-0.511458	0.0181895
Ind726	29	S	0	2.24246	5.21852	10.6497	18.6285	-1.84848	-1.84237	-1.8493	0.0571263	-0.569206	0.782673
Ind727	29	S	0	1.60784	6.17962	11.8519	14.1016	-3.34004	0.568151	-1.3387	1.38534	0.259152	-0.430761
Ind728	29	S	0	9.05312	9.08176	9.21503	10.2345	-1.63159	-0.776444	-1.20424	-1.98968	-0.484612	-0.983402
Ind729	29	S	0	9.57587	17.3265	124.636	138.572	-0.15247	-0.625994	-0.172366	-0.379019	0.826012	1.55911
Ind730	29	S	0	0.662745	1.52791	1.57345	5.16433	3.37278	-0.280584	1.64896	0.822773	-0.539132	0.229712
Ind731	29	S	0	0.57476	5.95736	18.1789	21.5909	1.66947	1.74571	1.14676	-0.215674	0.166207	0.31948
Ind732	29	S	0	2.03489	28.5049	30.7437	31.8137	-0.652307	0.247077	-0.131439	0.664235	1.20703	0.45349
Ind733	29	S	0	0.518674	1.04091	4.09508	20.5918	2.77359	0.107406	1.80868	-0.152263	0.67511	0.0978029
Ind734	29	S	0	1.59978	3.77912	5.13686	18.205	0.661052	-0.573016	-1.2176	1.28894	-0.969511	1.06081
Ind735	29	S	0	1.49621	1.83422	1.98859	2.72422	0.946437	1.02008	0.0107066	0.62674	-0.419929	-1.10906
Ind736	29	S	0	no	no	no	no	-1.23619	0.989328	-1.47339	-0.853869	-0.651494	-0.315266
Ind737	29	S	0	1.55828	1.75989	2.95376	12.4291	0.739034	0.137826	0.757759	-0.561209	-0.0797756	-0.0757695
Ind738	29	S	0	2.84057	9.56882	11.9264	16.2998	0.751785	0.00616178	-0.153281	-0.466125	0.33035	-0.21357
Ind739	30	E	1	no	0.407681	0.938503	4.90061	0.525007	-1.74046	0.897699	-0.183833	-1.41865	0.148899
Ind740	30	E	1	no	0.00386578	0.3688	0.604554	0.535223	-0.113181	0.0875133	0.584138	-1.7334	0.967295
Ind741	30	E	1	no	0.0387736	0.0999343	1.09681	0.340072	1.62925	0.459438	-0.661954	-0.87245	-0.931869
Ind742	30	E	1	no	0.858532	6.42334	14.1094	-0.232524	0.490463	0.703768	-0.265657	-0.157704	0.270643
Ind743	30	E	1	no	1.07004	1.82808	3.38119	0.759262	3.30398	0.457422	0.312786	-0.499859	-1.00249
Ind744	30	S	0	1.26064	10.8063	14.515	30.9376	-0.206375	-0.128057	-0.270652	0.441801	-0.761513	0.544158
Ind745	30	S	0	12.0378	20.7153	40.0131	63.3989	-0.937147	-1.53988	-0.506998	-1.68007	0.0328525	0.987602
Ind746	30	S	0	no	no	no	no	-0.64778	0.909134	-1.44798	-0.173591	-0.814328	-1.72895
Ind747	30	S	0	1.1087	1.44555	2.44041	4.11011	-1.35874	1.95334	-1.23385	0.264981	-1.54321	-0.410291
Ind748	30	S	0	2.28508	2.4161	35.7141	39.3333	0.690933	-0.412472	-0.361348	-0.825142	-0.487723	1.62719
Ind749	30	S	0	2.20734	6.208	6.77738	18.2099	-0.115194	-1.93269	1.15685	-0.997081	-0.112943	0.215002
Ind750	30	S	0	1.87246	8.80731	9.46165	14.8696	0.854993	-1.26065	2.43687	-2.00882	0.855044	-0.628163
Ind751	30	S	0	2.92028	7.18984	14.1235	19.5967	-2.71	-0.607525	-0.216612	-0.724399	0.598178	-0.19845
Ind752	30	S	0	1.25265	5.21738	24.2487	100.94	1.07431	-1.69771	2.03451	-1.17166	0.218884	1.76005
Ind753	30	S	0	0.163533	0.753159	6.39184	14.1901	0.0311489	-0.213564	1.26679	1.00451	-0.0981982	0.442084
Ind754	30	S	0	0.937301	1.0513	5.10601	14.0874	-1.23316	-1.12032	0.835667	-1.00623	0.347885	-0.727752
Ind755	30	S	0	2.71493	17.689	25.2377	50.0744	-2.75619	-0.0217206	0.282785	-1.13645	0.857206	0.692506
Ind756	30	S	0	1.25786	2.26906	28.3639	33.6572	-0.291941	0.235102	1.76777	-0.5817	0.59091	-0.0769563
Ind757	30	S	0	2.11266	18.3521	20.6585	24.7789	-1.74458	-1.19017	-0.162573	0.692726	0.143602	0.66673
Ind758	30	S	0	1.58071	5.06293	6.20781	33.282	-0.932998	0.155963	0.855884	-1.19848	-0.0355212	0.218469
Ind759	30	S	0	10.4062	11.7898	11.9081	12.2009	1.18398	2.05862	-1.22899	-0.110322	-0.850124	-1.46692
Ind760	30	S	0	no	no	no	no	1.27679	1.67554	-0.267841	-1.35745	-0.591114	0.0905438
Ind761	30	S	0	0.768016	0.90878	0.9501	1.32728	0.275329	0.830475	-0.0835054	1.15533	-1.21486	-1.21782
Ind762	30	S	0	21.529	28.3507	33.5455	33.8496	1.53191	-0.543454	-1.45706	0.44481	-1.18944	1.37179
Ind763	30	S	0	no	no	no	no	1.19411	0.326737	-0.603567	-0.76174	-2.21304	-0.314181
Ind764	31	E	1	no	1.92241	1.99562	2.9086	0.0986431	1.04291	-0.0536626	1.68592	-0.566341	-0.650987
Ind765	31	E	1	no	0.455549	5.57971	5.76535	-0.287726	-1.17442	1.2298	1.34621	-1.62702	1.59751
Ind766	31	E	1	no	0.518831	2.08971	3.14129	0.968379	1.96354	1.33563	1.35564	-1.09517	-1.29068
Ind767	31	E	1	no	0.202023	1.74725	2.65745	0.688051	1.64092	0.819484	0.525765	-0.706358	0.370857
Ind768	31	E	1	no	0.234241	1.09066	4.97076	0.2044	0.931946	-0.569696	0.745874	-1.03713	0.297096
Ind769	31	S	0	1.03166	1.18231	1.22757	1.52982	-0.262354	-0.181151	0.215225	0.681453	-0.885218	-1.30024
Ind770	31	S	0	84.7187	85.9338	97.4731	113.775	-2.11695	0.227092	-0.74865	0.619073	-0.212251	-0.39188
Ind771	31	S	0	no	no	no	no	-0.762436	-2.08031	-0.785744	-2.0161	-0.229518	1.46588
Ind772	31	S	0	1.06363	1.8604	2.33945	3.60514	-1.3737	0.0815001	-0.143239	0.171471	-0.73468	-1.07439
Ind773	31	S	0	1.98253	6.72821	8.14087	23.5609	0.62302	-1.1714	0.281918	0.948646	-0.235278	0.539952
Ind774	31	S	0	2.13124	3.8428	5.11775	9.3236	-0.19562	0.0761435	1.09378	-0.257103	0.0947226	0.200368
Ind775	31	S	0	6.16623	11.5297	15.4294	18.9056	-1.23258	0.53247	0.71815	-0.160702	1.02241	0.165319
Ind776	31	S	0	no	no	no	no	-1.51228	-1.01879	-0.474436	-2.28976	1.12339	-0.36736
Ind777	31	S	0	0.560389	3.28267	4.50917	8.2573	1.94168	1.04275	-0.101604	2.09234	-0.148279	-0.538875
Ind778	31	S	0	0.5322	7.27832	9.51595	16.6631	1.96834	-0.680318	1.02091	-0.561865	-0.0111891	0.0367337
Ind779	31	S	0	no	no	no	no	1.12197	-1.14144	-0.840359	-0.686551	-1.26283	0.142486
Ind780	31	S	0	0.772955	1.39537	1.42554	1.79858	0.22359	0.942677	0.196343	-0.889737	-1.34204	-0.489928
Ind781	31	S	0	1.60224	6.95253	9.51226	11.7969	0.770619	0.0737707	0.15978	0.703703	0.403324	-1.07915
Ind782	31	S	0	0.286574	0.638659	1.40308	1.69062	0.0133714	-0.82168	-0.856203	0.665085	-0.156358	-1.19622
Ind783	31	S	0	1.07252	3.48457	7.36405	8.86521	0.0558532	0.125127	-0.981225	1.85274	-0.0574422	0.464501
Ind784	31	S	0	3.94134	6.25486	6.81755	11.1838	-0.554282	1.09548	0.384815	0.556346	1.37155	-0.819803
Ind785	31	S	0	2.26961	7.91706	10.6726	12.3377	-0.553081	0.685369	-0.442088	1.4977	0.758221	-0.469004
Ind786	31	S	0	2.81713	3.22961	7.01283	17.6712	-0.457056	-0.297296	1.2695	-1.24709	0.763047	-0.553382
Ind787	31	S	0	0.387683	43.5552	46.5641	94.8996	-0.348967	1.39516	0.856094	1.06797	0.80214	0.805597
Ind788	31	S	0	0.798772	1.79302	2.57033	3.08661	0.101791	-0.467362	1.53043	-0.749121	0.682037	-1.85603
Ind789	32	E	1	no	1.15847	1.23282	2.14773	0.0875706	-0.727609	1.24239	0.768055	-1.24191	-0.786549
Ind790	32	E	1	no	3.35005	4.37888	12.2226	0.675102	0.35417	0.468355	0.243524	-0.443194	0.830776
Ind791	32	E	1	no	0.0525657	0.30061	0.686463	1.17488	0.320379	0.131192	0.161003	-1.28051	-1.56643
Ind792	32	E	1	no	0.0983373	0.566961	0.612933	-0.560602	1.18396	0.44097	-0.284346	-1.30266	-0.990589
Ind793	32	E	1	no	0.385472	3.49693	8.12672	0.252608	0.739806	0.0931461	1.0004	-1.55694	0.460416
Ind794	32	S	0	no	no	no	no	0.265719	-0.853917	-0.548486	-1.06086	0.360142	-0.587236
Ind795	32	S	0	no	no	no	no	-0.447847	-0.749011	-0.837429	-0.965276	0.2096	1.5225
Ind796	32	S	0	58.2255	63.0768	82.7744	109.468	-0.345205	-0.952129	-1.33675	-0.381889	-0.025009	1.53751
Ind797	32	S	0	no	no	no	no	0.979278	0.197675	-1.74121	-0.691165	-0.778977	-0.218018
Ind798	32	S	0	no	no	no	no	0.0591484	-0.214101	-1.87024	0.935591	1.10174	1.49973
Ind799	32	S	0	108.307	110.009	110.362	112.957	-0.0992249	0.093421	0.184777	-0.499113	-0.156813	0.151099
Ind800	32	S	0	135.56	135.801	136.006	137.642	-0.387765	-0.708224	0.0207473	0.129411	-1.87196	-0.654533
Ind801	32	S	0	4.55934	6.07354	7.17061	8.01715	0.906604	-1.01402	0.329221	-0.664126	-1.56433	1.39163
Ind802	32	S	0	2.99555	4.45609	5.09962	6.80559	0.715071	0.161296	0.664208	0.869155	-1.03706	-0.0709056
Ind803	32	S	0	5.14565	9.35929	9.88565	13.9861	0.186178	-1.37473	0.110181	0.146339	-0.776579	0.274261
Ind804	32	S	0	3.25271	5.39672	32.7248	84.5732	-2.7171	0.434432	1.29036	0.446584	0.462122	1.27282
Ind805	32	S	0	14.8106	32.4303	58.1937	210.39	0.227906	-2.27837	1.00113	-1.85582	1.2034	0.759517
Ind806	32	S	0	5.03349	5.5769	5.68054	8.35508	-0.388173	0.216812	0.552105	0.420876	0.291714	-0.546176
Ind807	32	S	0	2.84964	4.43595	4.98669	6.10316	0.599967	0.768245	1.27915	0.727352	0.969628	-0.45029
Ind808	32	S	0	7.30945	33.8739	42.8484	90.4351	-0.909994	0.512056	1.67099	-0.433836	1.04949	0.597752
Ind809	32	S	0	0.987196	1.58034	1.90382	3.10172	-0.294286	-0.111478	1.15001	0.805441	-1.49275	-0.35869
Ind810	32	S	0	0.682116	0.838252	6.84296	13.241	0.237875	-0.103217	-0.00437425	0.487968	-0.0787201	-0.057184
Ind811	32	S	0	0.31258	3.72697	5.05682	8.13614	0.456568	0.502367	1.56543	0.167229	-0.164256	-0.64296
Ind812	32	S	0	0.659142	3.86753	16.1182	69.8378	-0.319805	1.14252	0.892528	-0.294107	-0.680813	1.41315
Ind813	32	S	0	5.0959	19.6272	22.0102	24.1695	-0.576973	0.438429	0.197275	0.440164	0.299804	0.471307
Ind814	33	E	1	no	0.389881	20.9893	38.2921	0.627004	-1.20727	0.351483	-0.373551	-0.0537655	2.19991
Ind815	33	E	1	no	1.33033	2.3204	20.197	0.9447	-0.748971	0.873808	1.03742	-1.5833	0.868911
Ind816	33	E	1	no	0.504449	0.756906	0.802479	0.274581	1.79027	0.551551	-0.222281	-1.64297	-0.685322
Ind817	33	E	1	no	0.813987	0.844356	1.62968	0.949976	1.51622	0.670048	-0.394101	-1.45999	0.15812
Ind818	33	E	1	no	0.598086	2.4102	5.33838	-0.856147	1.63333	0.280876	-1.33656	-0.237214	-1.28569
Ind819	33	S	0	16.8815	19.2261	37.7925	39.3	-0.323863	0.387658	2.03558	-0.784109	0.24778	0.483297
Ind820	33	S	0	1.13267	2.26899	6.14755	32.9426	-1.11484	-0.90425	1.41971	-0.113776	0.515465	0.601268
Ind821	33	S	0	12.5254	13.3311	15.912	19.7153	-0.140974	0.78645	1.52242	-0.745508	0.823963	-1.44453
Ind822	33	S	0	1.42856	6.0009	96.7237	100.104	0.389778	-0.822858	0.844142	-1.18365	0.401472	1.82539
Ind823	33	S	0	3.02321	3.15051	3.72165	10.5048	-0.893415	-0.919839	1.18175	0.488571	-0.175595	-1.30319
Ind824	33	S	0	no	no	no	no	-0.209348	2.33735	-0.98803	0.265705	-0.727149	0.169994
Ind825	33	S	0	8.2526	8.25603	9.55524	27.1539	0.360007	0.928879	-0.728333	1.67438	0.595062	-0.988053
Ind826	33	S	0	1.21904	5.13669	8.96921	12.8916	0.548952	-1.47448	0.00360997	0.954177	-0.415966	0.103422
Ind827	33	S	0	0.729767	0.756514	6.36102	7.61027	1.09613	-1.07303	0.485259	0.742263	-0.317339	-0.109115
Ind828	33	S	0	15.5058	17.7863	18.2456	19.4434	-0.825149	0.835573	-1.2339	0.864923	-0.238661	0.327726
Ind829	33	S	0	no	no	no	no	-1.83671	-0.0530769	-1.90285	-0.947957	-0.686235	0.279153
Ind830	33	S	0	1.06608	3.33461	5.69759	15.2218	-0.00940193	-0.348392	0.0629595	0.937774	-1.06162	1.01249
Ind831	33	S	0	no	no	no	no	-1.77551	0.121104	-0.49738	-0.477068	-0.560516	1.85889
Ind832	33	S	0	18.0212	18.3477	18.4868	19.8888	-0.657978	0.776959	-0.476662	-0.303724	-1.0619	-0.973102
Ind833	33	S	0	no	no	no	no	-1.33983	-0.211607	-0.839065	-0.207942	0.130445	-0.0477819
Ind834	33	S	0	no	no	no	no	-0.23395	-0.0820789	-1.05541	-0.158825	0.631421	1.24154
Ind835	33	S	0	no	no	no	no	-0.0680364	0.700572	-1.49498	0.535725	-0.140897	-0.305349
Ind836	33	S	0	1.34673	6.97858	17.6372	36.0909	-0.389101	0.319233	-2.20168	0.815403	1.04674	-0.00478883
Ind837	33	S	0	no	no	no	no	-0.607846	0.0448152	-0.145937	-0.945693	0.927175	-1.25982
Ind838	33	S	0	no	no	no	no	0.553323	0.591486	-2.03881	-0.049675	-0.371217	-0.432687
Ind839	34	E	1	no	0.0371517	2.10836	3.08059	-0.771741	-0.381566	0.283937	-1.07556	-0.956111	-0.207088
Ind840	34	E	1	no	0.484586	2.46713	3.90613	0.560717	0.464517	0.865957	-0.446941	-1.37613	1.02132
Ind841	34	E	1	no	0.33723	0.498867	1.45763	0.886559	0.661559	0.308788	1.27186	-1.54157	-1.14305
Ind842	34	E	1	no	4.58434	8.68038	10.5105	-0.211379	-0.341331	0.508718	0.00808926	-0.59697	0.84185
Ind843	34	E	1	no	0.87143	2.32883	3.51167	0.0604418	-0.323249	0.939876	0.229877	-0.727174	0.559397
Ind844	34	S	0	6.30403	6.81683	7.01156	8.30666	1.06202	0.0352705	-0.217618	0.650193	0.0291271	-0.163758
Ind845	34	S	0	4.07351	6.06655	7.4034	9.4025	0.254507	0.564169	-0.548382	2.10995	-1.44926	0.289506
Ind846	34	S	0	39.1006	42.4297	56.9081	65.0176	0.934076	-1.54614	0.140072	-0.822615	-0.294114	0.65872
Ind847	34	S	0	39.4376	42.7053	42.8925	58.1837	0.564408	-1.01068	-0.39387	0.480211	-0.353252	0.0723796
Ind848	34	S	0	10.3629	15.2656	19.9725	22.144	-0.467879	1.3003	-0.668981	-0.561258	-0.382853	0.442016
Ind849	34	S	0	39.2718	39.6398	43.3001	52.9805	1.35784	0.468183	0.123882	0.266605	0.0174624	-0.311696
Ind850	34	S	0	1.03817	24.0017	103.253	123.7	1.78943	-1.65598	1.49817	-0.377774	0.609708	0.993783
Ind851	34	S	0	46.5066	56.8469	63.5089	99.0489	-0.0726747	-1.31499	-1.34753	-0.717116	0.646582	1.41356
Ind852	34	S	0	8.11327	10.9621	14.0088	23.6918	1.04793	0.112755	-0.00342704	0.967696	0.0528562	0.221991
Ind853	34	S	0	30.375	38.2736	46.8024	96.6578	1.15181	2.18923	0.371367	-0.983159	0.861171	0.96856
Ind854	34	S	0	18.8778	19.5626	102.186	160.646	-0.74372	-0.782882	0.00776875	0.455949	1.52255	0.872221
Ind855	34	S	0	1.27008	6.31599	33.5342	51.54	-1.13005	0.479093	0.66802	0.712732	1.82222	0.102327
Ind856	34	S	0	4.37292	42.7692	63.5243	214.276	-0.661043	-1.09838	0.453611	-0.107777	1.68839	0.755845
Ind857	34	S	0	18.6113	18.7977	19.5935	20.7352	-1.62544	0.108886	-0.457894	-0.525274	0.528117	-0.880987
Ind858	34	S	0	20.2194	21.5174	30.4207	45.5444	-0.876135	-0.183867	0.963384	-0.975726	1.35431	-0.0871097
Ind859	34	S	0	50.9425	51.0185	52.2602	52.7484	-0.679507	0.378294	-1.7653	-0.184009	-1.00005	-1.09217
Ind860	34	S	0	5.06645	6.24973	10.4346	14.6731	0.88617	-1.55084	-0.77573	1.41929	-0.834884	0.644606
Ind861	34	S	0	2.67284	2.94148	3.34699	5.09483	0.143123	1.04149	-1.6324	0.450624	-0.82391	-1.78153
Ind862	34	S	0	78.2142	78.5475	78.5587	80.8346	0.805002	0.422219	-0.597913	-0.976623	-1.03571	-1.42222
Ind863	34	S	0	39.2901	40.4062	40.5606	58.4497	1.54242	-1.07038	0.395434	0.029125	-0.565951	0.70323
Ind864	35	E	1	no	0.702374	2.68684	6.43804	-0.269562	-1.09362	-0.518551	0.26484	-1.36888	0.990875
Ind865	35	E	1	no	0.372101	1.3242	2.96094	1.23674	0.901233	0.960489	-0.79864	-1.19555	0.236178
Ind866	35	E	1	no	0.307372	0.577292	0.705382	-0.0216185	2.04055	0.454306	0.857344	-0.717551	-2.54778
Ind867	35	E	1	no	0.143814	3.87892	9.05968	-0.498449	-0.220552	-0.690848	0.00946126	-1.19974	0.449852
Ind868	35	E	1	no	3.97703	5.76984	10.1698	-1.78103	0.314519	0.218763	-0.0098789	-0.0480993	0.386674
Ind869	35	S	0	no	no	no	no	-3.31478	0.986394	-2.27224	-1.24748	-0.438415	-0.576614
Ind870	35	S	0	15.6282	28.3548	39.2158	45.6571	-1.31884	0.104154	-0.76557	0.56256	-0.249954	0.987682
Ind871	35	S	0	27.4406	30.7224	40.5566	43.0666	-2.12841	1.61815	-1.49351	1.58812	0.0565438	-0.344221
Ind872	35	S	0	no	no	no	no	-2.29855	1.2657	-2.28729	-0.54129	-1.69902	-1.879
Ind873	35	S	0	3.31704	3.45933	10.1381	16.6466	-2.42603	-0.698114	0.0223841	-0.0608696	0.663332	-0.528553
Ind874	35	S	0	18.2097	19.6209	33.3024	37.7152	1.20692	1.97278	-0.883314	0.163623	-0.59348	0.702235
Ind875	35	S	0	20.5768	20.7445	21.5237	24.89	0.672123	-0.396378	0.091758	0.57128	-1.05915	0.22285
Ind876	35	S	0	5.05413	9.58675	11.0708	11.2512	0.244251	0.0739994	-0.365955	-0.393232	-0.579158	0.552154
Ind877	35	S	0	4.51184	5.26707	5.80413	10.3228	-0.688394	0.501801	-0.538155	1.38044	-0.379655	-0.0776152
Ind878	35	S	0	6.8791	12.4498	12.6239	28.9648	1.13745	0.566457	-0.748943	1.50322	-0.60234	0.628007
Ind879	35	S	0	19.9929	20.0242	20.0733	20.19	0.493337	2.16089	-0.120513	-0.405331	-1.91227	-1.27393
Ind880	35	S	0	1.65269	1.66392	2.93115	10.9134	0.315997	1.28769	1.67898	0.608074	-1.7612	0.976466
Ind881	35	S	0	1.669	5.0968	8.32025	8.90254	1.12506	-0.543537	1.54913	-0.051269	-1.13243	1.23868
Ind882	35	S	0	6.27949	16.9222	25.0589	45.2262	1.28632	-0.59129	0.705219	-0.228576	-0.563887	1.50245
Ind883	35	S	0	1.10108	1.1927	1.22389	1.93075	0.663057	0.756196	1.56746	-0.0158838	-1.2316	-0.751943
Ind884	35	S	0	22.5905	26.2779	28.7277	31.1376	0.097948	-0.400155	-1.6389	-0.631508	-1.05277	0.959289
Ind885	35	S	0	2.00453	9.07522	11.7203	16.9219	-0.847229	0.617544	-0.664706	0.548787	0.40637	0.227796
Ind886	35	S	0	3.09849	6.48869	15.4431	16.3966	0.411785	0.85673	-0.333233	0.122408	-0.786263	-0.0325775
Ind887	35	S	0	no	no	no	no	-0.336542	-1.08986	-0.910456	-1.32448	-0.933533	-0.0454945
Ind888	35	S	0	8.23132	8.27804	11.361	37.2985	-2.16103	-0.389053	-0.83306	-0.0338877	0.133456	1.09749
Ind889	36	E	1	no	0.591562	2.26866	4.3001	0.153653	-0.912463	1.62205	-0.511871	-0.825058	0.55525
Ind890	36	E	1	no	0.039757	0.153297	3.14425	-1.108	-0.199359	-0.261125	-0.254189	-1.46522	0.946375
Ind891	36	E	1	no	0.558944	1.91351	4.57079	-0.38384	0.577049	0.0423193	-0.0416779	-1.45651	-0.388241
Ind892	36	E	1	no	1.0091	2.58762	3.98647	-1.15482	-0.81872	0.966732	-0.411541	-1.57088	0.852335
Ind893	36	E	1	no	7.72007	11.3992	20.7049	-0.598768	0.103458	0.987182	-0.0410304	-0.328671	0.619097
Ind894	36	S	0	2.33689	22.6075	42.4736	60.3988	-1.53045	-1.25587	0.300457	-0.975174	0.503139	0.40019
Ind895	36	S	0	1.94806	29.6099	35.3796	52.1304	-1.03729	-0.664025	0.677752	-0.121035	0.412584	1.28805
Ind896	36	S	0	1.63099	2.60914	2.67141	11.1128	-0.526848	-0.641639	0.90028	0.288766	0.236477	1.62144
Ind897	36	S	0	1.1775	3.29194	4.21997	5.5709	0.32187	-0.0640597	0.692527	-0.289361	0.167811	-0.794635
Ind898	36	S	0	1.57713	21.7483	34.3768	70.6546	0.290494	0.953128	0.465612	-0.256304	1.21419	0.062053
Ind899	36	S	0	0.922246	1.15403	2.68781	26.2497	2.47113	0.638826	1.96726	1.46909	1.11583	-0.527532
Ind900	36	S	0	1.87673	6.6658	14.3015	33.3357	-1.01216	2.16822	-0.297673	0.726599	1.02593	-0.720514
Ind901	36	S	0	1.71996	9.90823	18.1985	18.9425	-2.02832	-1.66356	0.736084	0.0816932	1.18543	0.416326
Ind902	36	S	0	1.61909	4.76737	6.63214	18.0104	1.08087	-0.516689	1.38988	0.981366	-0.29114	-0.615282
Ind903	36	S	0	0.745631	1.12857	2.39787	21.0826	1.66476	0.919088	1.69039	0.728504	0.947881	-0.301755
Ind904	36	S	0	2.22438	6.38951	38.7195	76.7912	0.704135	-0.626153	1.32753	-0.0187233	0.553932	0.405121
Ind905	36	S	0	1.3074	1.35625	1.70962	4.37225	-0.545167	1.15138	0.740205	1.4049	-0.533922	-0.291007
Ind906	36	S	0	1.81885	2.94647	3.63655	7.1678	0.181528	-0.313926	0.442217	0.896121	-0.0840903	-0.649781
Ind907	36	S	0	no	no	no	no	0.125301	-0.775684	-0.628045	-0.770338	-1.10151	0.0279936
Ind908	36	S	0	1.5004	1.79636	2.39274	4.33532	0.867346	0.638151	0.987034	-0.302399	-0.319459	-1.11557
Ind909	36	S	0	2.85035	11.5257	23.2688	67.2907	0.488811	-0.915717	1.39952	0.226383	0.267027	0.411366
Ind910	36	S	0	1.19743	2.73147	4.95825	6.21643	1.9457	0.770148	1.24179	-0.0511218	-0.180926	-0.0502243
Ind911	36	S	0	2.27539	4.21518	6.12831	10.7111	1.19641	-1.18496	0.631661	-0.844769	0.361846	-0.836463
Ind912	36	S	0	1.50699	1.78311	6.0921	8.6577	1.50377	0.181	1.35518	0.416289	0.39354	-0.565733
Ind913	36	S	0	1.16554	1.1948	1.55853	2.664	1.39698	1.53971	1.21067	1.49576	0.0493139	-1.73073
